1.013809927408111200e+01
9.495049495313883980e+00
9.115287987199167219e+00
9.221806305920813074e+00
8.502064651741584100e+00
8.353540404045393331e+00
7.632149108323494247e+00
8.048714435079142859e+00
6.502231427705647882e+00
6.900673594999336302e+00
6.352292326328834449e+00
5.600853248892123659e+00
5.777065355725196305e+00
5.001834433622404319e+00
4.595179345041587204e+00
4.640697161953498018e+00
5.031155795934598274e+00
3.066347920849946895e+00
3.229323216903656313e+00
2.579347514559530818e+00
3.024403925615872346e+00
1.779370142845320579e+00
2.069398685629550094e+00
1.579899407458221550e+00
1.232434987660179893e+00
1.490182846651875392e+00
1.772659429313557578e+00
1.199172067099719907e+00
1.497374478796596353e+00
8.484036176850339173e-01
4.572489322430945968e-01
4.815929975260359597e-01
6.890821137307061583e-01
6.659131911869764497e-01
1.472480897472599193e-01
5.789155975537201293e-01
-2.446639772000322455e-02
2.184706776501508796e-01
2.298209837724530247e-01
-1.063415771366914286e-01
6.296324599172963277e-01
-3.797340840264673001e-01
-3.724551203112362319e-01
3.572529793759917083e-01
4.706522489887662308e-01
3.390456888022045923e-01
-2.442248605831547625e-01
-1.705837831030748986e-01
-4.954015718988790118e-01
-1.324283603415245814e-01
2.501749509528212734e-01
3.969376990150469409e-01
2.635400373034603172e-01
-3.189645890901614544e-01
-2.694153953429345161e-01
7.103247236752818772e-02
-7.399663348970128007e-01
-2.413716190455131305e-01
-9.580571703836801012e-01
-4.308810325707359556e-01
-7.028281763080915789e-01
-1.267669529505863535e+00
-1.072038860471285382e+00
-8.969616132776331296e-01
-1.284229644793696723e+00
-1.406587898189127550e+00
-1.711857132635787204e+00
-1.785887590561606286e+00
-1.948330011687732899e+00
-2.312869920536154034e+00
-2.637747934208570566e+00
-2.882332207580847960e+00
-3.841436901018047578e+00
-3.400274045300659687e+00
-3.853128145821189676e+00
-4.408992932501374362e+00
-4.315585611812537081e+00
-4.677702373810095793e+00
-6.142024432309483473e+00
-5.569444366875021757e+00
-6.314486415119372253e+00
-6.787429356681180970e+00
-6.928838048845486597e+00
-7.461670779724220104e+00
-8.094458752549329006e+00
-8.259565213386672156e+00
-7.919366758231040748e+00
-8.783270722318322399e+00
-8.556668343440259505e+00
-9.488993083399535067e+00
-9.672779906154605811e+00
-1.014581986769828426e+01
-1.055029952844686392e+01
-1.102489423823767822e+01
-1.113408378006741550e+01
-1.154339316424453799e+01
-1.168065936115852210e+01
-1.206742688871823788e+01
-1.219291707695923321e+01
-1.302262475526904595e+01
-1.254152151483896560e+01
-1.228247768154159303e+01
-1.294435101599961691e+01
-1.231474872062229942e+01
-1.351748302861575546e+01
-1.313323385821699141e+01
-1.301408713503933967e+01
-1.285166564009458767e+01
-1.348737485448665474e+01
-1.311494240087985474e+01
-1.270043683458009021e+01
-1.175406303833988808e+01
-1.182710259380847084e+01
-1.152051014102518245e+01
-1.195541325888721573e+01
-1.130331387216438443e+01
-1.090359377944577624e+01
-1.068106287448083513e+01
-1.051720286313526920e+01
-9.955605805555647336e+00
-9.352951584246110173e+00
-8.616839499758746967e+00
-8.720229759262824842e+00
-7.594342271704595859e+00
-7.014203388660404492e+00
-6.549767229715040884e+00
-6.090673160133377451e+00
-5.425818710122327637e+00
-4.801567646267860923e+00
-3.914942789207247476e+00
-3.257018760872917973e+00
-2.772307539322962366e+00
-2.126121266992140324e+00
-1.499106148985704490e+00
-8.139604880193194170e-01
-3.624892102310308672e-01
6.567496604028068008e-01
1.709105523012719896e+00
2.504396144314571693e+00
2.553313171242708624e+00
3.647851047693063009e+00
4.131848681885599284e+00
5.152151570963538596e+00
5.399650119905976986e+00
5.934394706457990942e+00
6.190592657440797453e+00
6.551309964043358747e+00
7.674174555892156135e+00
8.415003829255381262e+00
8.965294036521600063e+00
8.628285031454669962e+00
9.692729893977382716e+00
1.025675693945636446e+01
1.093962198427312771e+01
1.117346423592178084e+01
1.179530213052207088e+01
1.176855815570159969e+01
1.224540216567570816e+01
1.269573086392339611e+01
1.245518593927491402e+01
1.245252183092004827e+01
1.229172539719025536e+01
1.252757534977692977e+01
1.277314279254789575e+01
1.301792901368450828e+01
1.352164392846619556e+01
1.272849040918152674e+01
1.274156140831219552e+01
1.322460353686456713e+01
1.207314308929044877e+01
1.278954233199134549e+01
1.241406846965144872e+01
1.224077335540391864e+01
1.238710355163068044e+01
1.214548093447035448e+01
1.129019393947611860e+01
1.113639940084810398e+01
1.116722947937232391e+01
1.026813998963834607e+01
1.016392755787330593e+01
9.678476173592788001e+00
9.402116861730190678e+00
9.294425845668596864e+00
8.430691391499953724e+00
8.162240272037006861e+00
7.734451697663738301e+00
7.761350095585092035e+00
7.070842573129111130e+00
6.795626532344899218e+00
6.625830243819312848e+00
5.957708287167475802e+00
6.210233980859910297e+00
5.789832430888181669e+00
4.535116084740941744e+00
4.360738188590292275e+00
4.142857774664813419e+00
4.060493074844117700e+00
3.388706192770093217e+00
3.515500457021748293e+00
3.457685793214294812e+00
2.778454034101454084e+00
2.420962177608734667e+00
2.120386507245597851e+00
2.480729261068507441e+00
1.673984958955789137e+00
1.753744981327629127e+00
7.293127462079342926e-01
1.412298690960233305e+00
7.484372906152233496e-01
7.635942170342929769e-01
-1.090533704007864424e-01
-6.770912169563803040e-02
-7.678561741131617602e-02
1.599585983791525223e-01
3.650070634756029664e-01
5.139868775846661020e-01
4.033759092191174234e-01
3.063191627166201858e-01
2.573659995177713933e-01
6.215933963852138255e-02
-3.869930310146653119e-01
-2.532830140255924040e-02
2.190819469401082131e-01
4.287560323829464615e-01
-3.618278994705024232e-01
-2.001009298501076894e-01
-2.156913308023581111e-01
2.695884399266606501e-01
-1.610909722693214530e-01
3.734805816809684542e-02
5.413544817060536585e-02
-7.728338055143615382e-01
9.955072067222597854e-02
3.189160634755862089e-01
-4.592087296152124742e-01
-6.256058522625329577e-02
-2.227045164671630495e-01
-5.805589197782865529e-01
-4.628738984223087494e-01
-5.992211770609994215e-01
-1.015755209462338104e+00
-6.800453944143056706e-01
-4.233617075326061574e-01
-1.624998956717650600e+00
-1.461690243320065807e+00
-1.412468747891455934e+00
-1.971807407323473482e+00
-1.825971498384329150e+00
-2.508833986225079915e+00
-1.971388810925774671e+00
-2.299086711150636120e+00
-3.055193907496475791e+00
-3.284249341153043567e+00
-3.919281549135707365e+00
-3.935271385564561353e+00
-3.491705023255629925e+00
-4.347612950002493371e+00
-5.390957005086882248e+00
-5.310137480442992164e+00
-5.294978939049343580e+00
-6.313119508931123391e+00
-6.717372712263617984e+00
-7.075317289897116169e+00
-7.161088443701880912e+00
-7.772559287271725736e+00
-8.852788746003243503e+00
-8.366649038402062644e+00
-8.854216190237508499e+00
-9.555276354056971400e+00
-1.014334242303626077e+01
-1.019763960737671660e+01
-1.063929756393295278e+01
-1.109140969067309435e+01
-1.108271451428113430e+01
-1.184717253349109001e+01
-1.107118069025134766e+01
-1.209996899398586656e+01
-1.196172616920254761e+01
-1.294455894238798166e+01
-1.239729682285791235e+01
-1.176458770969968448e+01
-1.270295127815727376e+01
-1.261592791593913532e+01
-1.304306683195902039e+01
-1.248999542196982659e+01
-1.319681407254068795e+01
-1.285582255879586633e+01
-1.320099550071717154e+01
-1.242481513484138311e+01
-1.288229288854681798e+01
-1.293352156145725473e+01
-1.233473358739135506e+01
-1.276720686634333646e+01
-1.183040785133895056e+01
-1.076231273607223216e+01
-1.076385473524187297e+01
-1.114109826409838888e+01
-1.021756016457842442e+01
-1.050918394048415649e+01
-9.846485958457202869e+00
-8.686090648453145491e+00
-8.070725850201052154e+00
-8.318825786605785311e+00
-7.465863025889558635e+00
-6.444507342719321130e+00
-7.397646072129329120e+00
-6.284037935385208939e+00
-6.620861159863534517e+00
-3.818452762095837727e+00
-3.566582279813446110e+00
-2.866812395331144625e+00
-2.932801660508274733e+00
-1.346895781528886671e+00
-1.326730122679364854e+00
-6.167475829417345956e-01
1.137370160099912209e+00
1.406423616767175755e+00
1.654500999921118654e+00
2.560699842442463847e+00
3.517408331282295908e+00
3.036717043082605372e+00
4.127541046590888385e+00
6.737069053119113526e+00
5.132187107065098175e+00
5.662063920256421135e+00
5.860572487250637508e+00
7.242388154576977932e+00
8.082262159371381927e+00
9.488164377910205616e+00
9.005899801058310672e+00
9.779068337532313748e+00
9.285042324071913100e+00
1.078566994020222580e+01
1.026315973356182631e+01
1.162940640040223528e+01
1.113628616225353340e+01
1.340111539183842382e+01
1.275215243876468385e+01
1.195080224024341575e+01
1.219938439412518250e+01
1.382405932166760287e+01
1.269741846148192721e+01
1.261874600498977905e+01
1.389835573066786623e+01
1.231190340480549672e+01
1.427036557359663860e+01
1.319541459076573631e+01
1.119300837524821901e+01
1.404425197465973163e+01
1.296865844000053158e+01
1.285880949155264474e+01
1.263073497497976483e+01
1.244520486665175341e+01
1.000683205438644663e+01
1.203891415630799955e+01
1.083732750474076312e+01
1.075009693495124452e+01
1.132302226129888822e+01
1.038572673829378168e+01
1.030331102084802630e+01
9.209847120265672871e+00
9.217210830648017605e+00
9.103939745247608073e+00
8.319426207369881254e+00
8.631580311274998252e+00
7.748648521444069459e+00
7.039875517581020148e+00
6.341073474933589083e+00
6.981171422363168233e+00
5.586820707600839597e+00
5.958753520269344683e+00
4.654719465324221872e+00
3.255271886918391644e+00
4.423540421894327501e+00
3.939158468739667462e+00
3.780280383980031633e+00
5.161621040243893788e+00
4.452251003864791556e+00
3.708521200764590908e+00
2.619831748384600534e+00
3.086569992766200254e+00
1.366271566712010888e+00
2.732357391755546594e+00
1.327259360424016599e+00
1.774007722839550993e+00
2.172629246691235583e-01
2.217603031845645223e+00
1.035390788515116789e+00
-5.221033673198549607e-01
5.022217224488059184e-01
7.502530775327749257e-01
1.526287270830268383e+00
1.870719478163124672e+00
3.743146054741880446e-01
9.094969480559439434e-02
-3.792433184012246050e-01
-5.135859501185410791e-02
-4.924235537277058539e-01
6.766860274264203945e-02
-1.136005191177485441e-01
-5.085043622353332404e-01
4.256739125197440687e-01
-6.757371125310682736e-01
-3.887001547782695243e-01
3.931281430951823197e-02
-1.703344700912464704e-01
1.760975947575956491e-01
-8.734398319978813330e-01
4.732485046262837614e-01
-2.294505483806857649e-01
-5.086098933012568324e-01
-9.782234815384397431e-01
-1.567480526386680340e-01
5.422766928626883143e-01
1.069852813341687359e-01
1.385560168828877670e-01
3.797436796493184330e-01
-1.485933099012743730e+00
-7.710095165144933427e-01
-2.201729025806158369e-01
-1.069287357995159393e+00
1.143414460757927742e-01
-2.754283695215586469e+00
-1.079998593805531204e+00
-9.802063884622176371e-01
-1.166433689393294948e+00
-3.319454018778538185e-01
-2.907188506550987928e+00
-1.731499208136651369e+00
-8.850555037989704665e-01
-2.395203183422586424e+00
-3.905022439942316126e+00
-3.074117756155835046e+00
-2.357319263631659556e+00
-2.937432489388180912e+00
-4.393593528851438279e+00
-3.841603592940313394e+00
-5.084651998413745488e+00
-3.854226840117796371e+00
-5.663090503835402245e+00
-6.225081264544228610e+00
-7.522762021576445690e+00
-7.280563547166854832e+00
-7.440869129931865444e+00
-8.282236118228153643e+00
-8.228916985671745010e+00
-8.447596649246957412e+00
-7.957190884317945745e+00
-1.005605858902965366e+01
-9.728998698389855093e+00
-1.008958734652003386e+01
-9.867091310014489025e+00
-1.080212340398080073e+01
-1.007929465243276645e+01
-1.130765891137304813e+01
-1.176867638148872786e+01
-1.229325214362081198e+01
-1.241291322368764050e+01
-1.252127870857474079e+01
-1.376336243748096777e+01
-1.217046999683665831e+01
-1.289238177106974703e+01
-1.349937003365352695e+01
-1.270290957833416101e+01
-1.330229433052505428e+01
-1.325330244836129800e+01
-1.334704198382417495e+01
-1.230147788146843446e+01
-1.343505914355070630e+01
-1.248300687750066018e+01
-1.275549976167011046e+01
-1.196809144093393229e+01
-1.056737672159880503e+01
-1.115190918635254747e+01
-1.163016528095647395e+01
-1.218675930473327718e+01
-1.133955629740604820e+01
-1.037476692732324501e+01
-8.857966390117331557e+00
-1.023036847077324296e+01
-8.904743554239006542e+00
-7.154451192522297553e+00
-7.700214679586249389e+00
-7.330911163578009315e+00
-7.868737731542204905e+00
-6.761854683490207130e+00
-4.174893087316805307e+00
-5.002549332667803661e+00
-3.450147373279839336e+00
-3.598817342695325383e+00
-3.609203450784089107e+00
-7.128331988476293013e-01
-2.304116679930398259e+00
-2.888936694524636195e+00
4.305887883163508345e-01
-2.496449365231662165e-03
8.604344986781294891e-01
2.553834572039200168e+00
1.964492832595557736e+00
3.561855090907131594e+00
4.148623868616443389e+00
4.407397637120958223e+00
5.801538439565812943e+00
6.152734970636351441e+00
6.496424171731091768e+00
7.919062152293301793e+00
9.292445607285623410e+00
7.358096820776128588e+00
7.750721390371493769e+00
9.429819830090824695e+00
9.607634687261105810e+00
9.570214140701938987e+00
9.450826751636100198e+00
1.025887207158094050e+01
1.007671424892689949e+01
1.165199063194794782e+01
1.179832792208258319e+01
1.135177297960048293e+01
1.156792247975104004e+01
1.239858611414408962e+01
1.272138539484066655e+01
1.273117947854406928e+01
1.323207149001116534e+01
1.431105328944709676e+01
1.382978745527554132e+01
1.270771092068396690e+01
1.354920139026812720e+01
1.289651057046389759e+01
1.222772740788592749e+01
1.333141656330908553e+01
1.389411737282653547e+01
1.385101630496662750e+01
1.256698032638734297e+01
1.182254938013703516e+01
1.266517527653329900e+01
1.007957047540585016e+01
1.109922864010401966e+01
1.104050016067537143e+01
1.067520339906803528e+01
9.909726202452201704e+00
9.466840633404267180e+00
1.033403225065783104e+01
8.882230486615119602e+00
9.148575005305730201e+00
9.350216123409460067e+00
8.130743548443630786e+00
7.816080330278188271e+00
8.048260135244248659e+00
6.720621115157286773e+00
5.183795230923919028e+00
7.071279724798761990e+00
5.167881833570379335e+00
4.463053609257395138e+00
4.879744108838286465e+00
4.954896364409802523e+00
4.497985236994002101e+00
3.044897438181453975e+00
3.883602288174685668e+00
3.330440870122687969e+00
3.028087631514361444e+00
2.546061454499197740e+00
3.001984660149270123e+00
2.053958601062950251e+00
1.065806683906090013e+00
1.591521725131987974e+00
1.555046004431417828e+00
7.243419012702863036e-01
4.024471711722138467e-01
1.334257095608121446e+00
-1.302490984233538374e+00
2.737622475879464834e-01
1.459295971051061347e+00
4.402904463424255344e-01
-5.735414811621315501e-01
3.775769468066875190e-01
2.114314842210065215e-01
-1.205155826617709147e+00
3.933720541182428865e-01
-1.359160013853031757e+00
2.033644449236309271e-01
-1.433943474370270865e-01
7.073023407313352440e-01
8.132147199887643924e-03
5.956092449118151055e-01
1.153476428153922040e+00
-8.780963795920166959e-01
2.301344219839044844e-02
5.253509330343975048e-01
1.072103920015964329e-01
-2.962024363612202338e-01
4.403966295792194341e-02
-5.173433431782545888e-01
-1.084022647360228131e+00
-1.003323259397860490e+00
6.793724424695962716e-01
-6.224737666917410372e-01
-7.024868800907160260e-01
3.453255677772598675e-01
-4.705009813747471070e-01
5.481753596819238794e-02
-2.013951724290840684e+00
-5.575768175167963303e-01
5.566073548227954415e-01
-1.511352965166306461e+00
-1.935274757523135936e+00
-1.698987879804395584e+00
-1.546586948054895494e+00
-1.581508371474823704e+00
-2.561139315046081943e+00
-2.957641149754821619e+00
-5.218191064589428052e+00
-2.962427568745331641e+00
-3.513638528733308952e+00
-4.333493576568432815e+00
-5.621160894967444754e+00
-4.253195196682263202e+00
-6.369867094788169481e+00
-6.625615324198199652e+00
-6.816272240030034624e+00
-6.529840726093962822e+00
-5.206837792326802550e+00
-7.273586700612801437e+00
-7.579184237444850147e+00
-8.395885557336585592e+00
-6.724180867057315325e+00
-7.696334182687654568e+00
-6.574817478176594676e+00
-8.294588315526150168e+00
-8.767053719331567407e+00
-1.093984533294288930e+01
-1.056111932489805838e+01
-9.526357531706446835e+00
-1.110500695682623373e+01
-1.013516190935474270e+01
-1.253390734265454221e+01
-1.191496908380228881e+01
-1.199400422986179926e+01
-1.216053278867419785e+01
-1.056091690117183823e+01
-1.335454696908579741e+01
-1.347982767071477994e+01
-1.225583588897442056e+01
-1.299044425552249571e+01
-1.362486706309949724e+01
-1.399220078166801784e+01
-1.359181272636491045e+01
-1.274841607961299239e+01
-1.404540047930113644e+01
-1.118948340313997925e+01
-1.323572040823167839e+01
-1.200741657535246532e+01
-1.099240978955101156e+01
-1.157988870888159560e+01
-1.225977878189398496e+01
-1.213289339675034562e+01
-1.097829956152599351e+01
-1.040405786539993827e+01
-9.504228762934802788e+00
-1.048899231063465187e+01
-9.057613896934597619e+00
-8.540616767153897726e+00
-8.872927597492951790e+00
-7.966908327242246735e+00
-8.553222598518493314e+00
-6.710196406476461206e+00
-5.598554272315990232e+00
-5.706758292849066549e+00
-4.873221404530435841e+00
-4.990920526966938553e+00
-5.057370404335753911e+00
-4.195545520568357389e+00
-1.104794991020781270e+00
-5.942279683635931509e-01
-2.000221376201836598e+00
-7.680351409204435598e-01
-9.024454855217241001e-01
1.323552371713251352e+00
1.238064754519884625e+00
2.355046211072295392e+00
2.700595644181770005e+00
4.130782002805140074e+00
3.059053431442185556e+00
5.838683401972126319e+00
6.342960607828577402e+00
8.739306756722456271e+00
6.057678891346177430e+00
8.710814052196745649e+00
7.854796004368221674e+00
6.261133896337709004e+00
9.440321169812122548e+00
9.274082059733089523e+00
9.979420088694425317e+00
1.032043667657284125e+01
1.054421846348359537e+01
1.185792517179072014e+01
1.174301987987225182e+01
1.104115803705151144e+01
1.286410276814943465e+01
1.135934540972634821e+01
1.229285000114820114e+01
1.225251252918352485e+01
1.299438585773138399e+01
1.302289782332532830e+01
1.250568306703980959e+01
1.286773934718133994e+01
1.430394966567646975e+01
1.474262409249647554e+01
1.281080254738775359e+01
1.250252242554219251e+01
1.252444991249834771e+01
1.297689785305592025e+01
1.138217423109243143e+01
1.267758612597800294e+01
1.112788890269480468e+01
1.129978802959069917e+01
1.097969138634359609e+01
8.236753911060819888e+00
1.083049111585071067e+01
1.239442215408267423e+01
1.077147085517027492e+01
9.625630097839559696e+00
9.564809342136184611e+00
8.294401961763833597e+00
1.064603251552722263e+01
7.541253716372238181e+00
8.323431977006993776e+00
6.951147407274441470e+00
6.003525379509598636e+00
5.747790586892183029e+00
6.317015415774491771e+00
6.847358638876396952e+00
6.769841459283722607e+00
5.615090061434253599e+00
4.625516423645447794e+00
4.687849623976296343e+00
4.056919689286827335e+00
5.011126997857784815e+00
4.336788253563317319e+00
4.251856048611317718e+00
2.339705660576745672e+00
3.123672852370577679e+00
2.869761660898257016e+00
8.364826451665945406e-01
1.218104772662326862e+00
1.550945528896892744e+00
-3.886990062869521978e-03
1.684086728154187362e+00
1.537630524208208449e+00
1.060849115318556191e-01
4.573769095386372996e-01
1.476443830770405086e+00
2.203990454611323813e+00
7.337216309325775843e-01
-1.487427863085460489e+00
-3.866987771851039257e-01
-4.985855673247751030e-01
-7.281153823591106633e-01
1.026696835986021128e+00
1.129697973734038907e+00
-6.423427442316026470e-02
4.192017766613865271e-01
-5.888057779423607752e-01
1.774047931516505860e+00
6.026169659035657267e-01
-5.774226727949761662e-01
1.152133780953791709e+00
3.679709667964760067e-01
1.368155243246974351e+00
-6.757862388936444198e-01
3.561521153622586033e-01
9.749018341961612766e-02
2.101226647932715519e+00
3.953017178414108823e-01
4.720803679050729063e-01
-1.676233291649400270e+00
-4.942011954007164420e-01
-7.181525771930581392e-01
-1.447687656825322522e+00
1.185264028689645421e-01
-1.977965273644877175e-01
-1.239659837257568897e+00
-1.732332350263000587e-01
1.202175874660549315e+00
-7.585365179190715068e-01
-1.189317252326968166e+00
-1.683593631306906202e+00
-2.468304058092985365e+00
-1.706870673340625144e+00
-1.461034083808929740e+00
-3.060709222620050518e+00
-1.742718320148754163e+00
-5.397192408766434468e+00
-2.481630179818510307e+00
-3.069415662278823564e+00
-3.325054830259656757e+00
-3.504325246277408823e+00
-3.958353327889701845e+00
-3.108673394350164543e+00
-5.190042144256335810e+00
-6.223046335093576076e+00
-5.853831225963639362e+00
-6.626465782074953736e+00
-5.460932007651853937e+00
-7.950631432432731849e+00
-6.682541239350859641e+00
-8.565071596273137189e+00
-8.261330063301064897e+00
-9.586376770246959111e+00
-8.394820246236372796e+00
-9.751643599424189901e+00
-9.286436024516817156e+00
-1.100358238058749194e+01
-1.017299128805877118e+01
-1.299879129044658654e+01
-1.076247026535423679e+01
-1.030271934439755910e+01
-1.081785909516265320e+01
-1.295107720451501798e+01
-1.313791994659082718e+01
-1.084965511614961997e+01
-1.454631133540443955e+01
-1.161899944624802927e+01
-1.295758193996869245e+01
-1.445340018784476754e+01
-1.306147735664716336e+01
-1.321467340783144095e+01
-1.240418024930360730e+01
-1.299065591656734320e+01
-1.297639431158142287e+01
-1.289710978411345721e+01
-1.292576808845945102e+01
-1.317390486255550641e+01
-1.246529539341062609e+01
-1.172925548130720408e+01
-1.114027430619512238e+01
-1.175158938947508602e+01
-1.136463770254766992e+01
-1.125452709938435625e+01
-1.013163554040533754e+01
-8.336823590345861845e+00
-9.211961018913024546e+00
-1.018466343619869008e+01
-9.053717132115554733e+00
-8.372050256055928230e+00
-7.322376982011516766e+00
-5.756171988971882314e+00
-6.325055993345840122e+00
-5.165745219230319485e+00
-3.143844497369693070e+00
-4.943318473302808158e+00
-2.627810489173221242e+00
-1.282180444440450762e+00
-2.663182830406741086e+00
-8.932464205064498675e-01
-7.769792530884050974e-01
1.314623027494195462e+00
-9.138939987988403679e-02
1.064896029416341428e+00
2.904855752049563922e+00
4.540597886302032649e+00
3.531733343630090172e+00
6.122376285135926466e+00
4.955454895157933137e+00
4.790745460569498348e+00
5.328191523225542348e+00
6.630203727961640148e+00
6.752488754714970121e+00
9.928895380780208058e+00
7.941441880114402885e+00
9.002089253254187184e+00
9.641482191595141416e+00
1.000944614487309181e+01
9.951013237270432299e+00
1.068358340358559744e+01
1.335818878958668776e+01
9.082753774436831407e+00
1.080685504877463998e+01
1.233227046179909259e+01
1.151855820656422402e+01
1.276001239594854120e+01
1.282136384057914213e+01
1.208257383066485602e+01
1.255459872843674773e+01
1.289695342741356576e+01
1.232257111852249842e+01
1.298635847803801902e+01
1.166088217749667955e+01
1.311256580411700945e+01
1.362569459840383246e+01
1.520064510723195994e+01
1.052638388244934653e+01
1.284325268130399067e+01
1.212307405321896958e+01
1.164121050780572730e+01
1.279281740084143770e+01
1.103510505405681030e+01
1.105248620971789641e+01
9.660559819089574063e+00
1.007745773600288786e+01
9.029313245801334986e+00
1.037127155420338909e+01
9.997214206432087025e+00
8.945231526432019464e+00
7.844393467882516013e+00
7.814534798318476305e+00
8.358183398537155639e+00
1.041792868378741765e+01
5.881162859838695134e+00
7.023053978513180695e+00
6.834950569115961549e+00
6.713567243781317195e+00
6.198451381119943981e+00
5.715857249939151785e+00
4.895224568845353730e+00
2.222393449471667726e+00
4.280621841632601843e+00
4.107718558265807118e+00
3.880969703545025240e+00
2.761934674045250393e+00
1.908112034000436719e+00
3.552712109295265819e+00
7.593093327132294235e-02
1.300311875282081697e+00
1.199117321356510280e+00
6.883313436713096589e-01
2.588271736516905008e+00
9.125779700337004474e-01
-4.198129840390472101e-01
1.115161688982785337e-01
-5.643931244692561577e-01
8.851008099564916520e-01
7.950888833764655494e-01
-1.672212559569513868e+00
6.577139997917029746e-01
-1.988242985752425862e-01
-7.198493924684058465e-01
6.354620914813080557e-02
9.928471828542851929e-01
-3.353628365892868946e-01
-1.923348298653810434e-02
-1.067809664919438628e+00
8.166815363167784225e-01
-3.325763802026865390e-01
-2.258124435528655605e-01
-4.047091621734548728e-01
1.314794847793249399e+00
-1.743441580058450735e-01
-1.669607238452923137e-01
-9.858085474519902025e-01
-1.059630277833090384e+00
6.498734893394145784e-01
-1.681162964839453933e+00
-1.134260090350726502e+00
-1.985651322574821354e+00
-1.012959991971564833e+00
-1.326867863135510750e-01
1.115665308996055760e+00
-2.768105688076354376e+00
5.206439340322572829e-01
6.027202914569373959e-03
-1.671837910519949233e+00
-1.473527480296103587e+00
-8.791948053693051657e-01
1.650752428912036329e+00
-2.156129945840347339e+00
-1.862454592380678786e+00
-1.747579266405504095e+00
-2.235311748428752132e+00
3.527265466829794249e-01
-2.756446429226507622e+00
-3.708608052492788687e+00
-1.815343336161098664e+00
-3.296729428719209931e+00
-3.473306744784943945e+00
-4.464300164156686179e+00
-6.240428698271502483e+00
-5.231947526578698771e+00
-6.161535192666102390e+00
-6.563665412608071570e+00
-6.274833261108953231e+00
-7.346273370291487304e+00
-8.020083247312443930e+00
-6.324371269545314256e+00
-7.874922111756405663e+00
-7.484347686822427015e+00
-9.277548870789813051e+00
-8.527040477558529119e+00
-9.508032011522253413e+00
-1.255456866370055202e+01
-1.037162570805356410e+01
-9.802986978680859664e+00
-1.139484401455908014e+01
-9.793352729543883584e+00
-1.156640332078791111e+01
-1.223655314493151813e+01
-1.330359392345020098e+01
-1.137856260605634695e+01
-1.243932675590931858e+01
-1.229412031769730618e+01
-1.286832020674228438e+01
-1.102406567275445859e+01
-1.250279102545207266e+01
-1.285512349288707412e+01
-1.197388149943496671e+01
-1.286508477496012937e+01
-1.311269580740986918e+01
-1.384011989226327266e+01
-1.371316459687760414e+01
-1.229212622733729177e+01
-1.132729268411061696e+01
-1.226828520037874348e+01
-1.363969421219782774e+01
-1.237331523219021356e+01
-1.350548657372449313e+01
-1.115760227024329865e+01
-7.684269962228223783e+00
-8.677296811643751440e+00
-1.180133272722706650e+01
-8.522418387356859526e+00
-1.150255870623110610e+01
-8.333145977977839181e+00
-8.085246985582680068e+00
-8.826651045936310780e+00
-5.741137712252426084e+00
-6.578363673046158766e+00
-5.263592813240181023e+00
-5.175000798896090437e+00
-5.545058635496235233e+00
-5.270102276439536659e+00
-5.342728094130708705e+00
-2.130587280443334564e+00
-2.152559630393777734e+00
-3.322353636198434934e+00
-2.186605387172522619e+00
-1.182694454513335769e+00
1.196284772601001745e+00
5.929637985398716893e-02
2.625800397669176611e+00
1.792944298842892970e+00
3.562270716190587549e+00
4.553926485566782034e+00
5.751152212701149402e+00
5.010508757223152365e+00
7.162071749112359775e+00
6.689212274160108329e+00
9.759385700026850685e+00
7.709548537539315127e+00
1.021181341329138093e+01
7.718896081583934254e+00
8.037037861524346738e+00
1.030585431072115910e+01
9.675430823653538681e+00
1.257096249194624349e+01
1.078100960331489411e+01
9.344524403888904374e+00
1.196964093482703717e+01
1.186943771759886346e+01
1.397982709019927050e+01
1.186893701151185887e+01
1.360527954766021352e+01
1.287690591922944350e+01
1.375044958967605346e+01
1.294887619544151391e+01
1.394013218315378921e+01
1.229044688428654197e+01
1.504987622408254566e+01
1.295541057151084097e+01
1.429402516899934383e+01
1.133790643026370759e+01
1.253949604415747388e+01
1.247160878823127739e+01
1.175148361786718532e+01
1.179291856768435487e+01
1.223973540679796024e+01
1.341848526725512514e+01
1.130938390856396936e+01
1.020349000816164420e+01
1.235511672499729308e+01
1.267363964942956400e+01
8.629793478624939951e+00
1.003798259161560225e+01
8.088531204675350139e+00
9.505737629480726980e+00
6.110730096208001783e+00
8.024935325997949676e+00
7.194584585972243040e+00
7.914234001715780842e+00
5.712516406788615164e+00
7.212228304047873628e+00
9.306661188631395021e+00
4.931607184539402944e+00
7.856603539443277384e+00
5.199065161442308458e+00
4.293605548906384684e+00
3.667499203634074334e+00
4.996323081856757220e+00
3.634156479240155946e+00
4.816002321486740456e+00
3.666022855298368466e+00
3.729324119876762822e+00
1.447845485045385905e+00
3.647149112897095868e+00
2.404450775657242634e+00
3.839980385108247241e+00
3.400288865009945205e+00
2.112345946548179754e+00
2.571130730202968007e+00
1.217139429986171306e+00
5.085599839050669591e-01
7.112717668335634125e-01
3.016008844361377506e-01
6.703409902440043977e-02
-4.474872682270446544e-01
-6.720824321760975328e-01
-9.782941753095314441e-02
-5.688995897942882296e-01
1.017253573281363010e+00
5.508817671094630164e-01
1.427382862974406752e+00
3.231189639403073688e-01
-1.539277240013664505e-02
1.239816313488553146e-01
-1.062258785982676423e+00
5.027415043377402026e-02
-9.153944234861713936e-01
2.195893071322917223e+00
-8.547476793856755295e-01
-4.961599431407661687e-01
-1.528749003852990507e-01
-1.051410466311849534e+00
-1.362300385308934825e+00
2.457557740185783435e-01
6.758108393127449931e-01
9.746820082808356212e-01
2.024684740537884275e-01
-1.718029873348276171e+00
4.426373978485035332e-01
-8.301750775562417584e-01
-2.773993462199303428e-01
-2.853043451516978024e+00
-8.832474484512415902e-01
-5.476763095215467780e-01
-2.387073588632987242e+00
-1.444491763712474341e-01
-1.222429257399330504e+00
-1.420968095129252706e+00
-2.057547672935588601e+00
-1.852987555142701526e+00
-1.093935793922911515e+00
-3.105471698737267694e+00
-2.443077675526338144e+00
-2.476087338924264358e+00
-2.905316583813613907e+00
-2.826393396418187542e+00
-4.722852519385529746e+00
-5.260704184322585242e+00
-5.772299559694609172e+00
-5.371415842933579654e+00
-5.397543419609691639e+00
-6.347394854182121904e+00
-6.292692775984048303e+00
-6.684917621303484658e+00
-6.920273808671023374e+00
-8.325362548261686868e+00
-7.753840197669261691e+00
-7.839626962239951702e+00
-8.609110870668478910e+00
-1.027232294915223321e+01
-1.081779423693040876e+01
-1.134417179693384092e+01
-1.085314722219759709e+01
-1.046858347598912076e+01
-1.080943295240758673e+01
-1.172142919589328436e+01
-1.169787927407008965e+01
-1.213007477575221316e+01
-1.305059041142470910e+01
-1.216319720564234430e+01
-1.299582429284483531e+01
-1.176177350167847990e+01
-1.278138163136003591e+01
-1.113700068090604844e+01
-1.266078624421303189e+01
-1.372021938803638186e+01
-1.479622722669925139e+01
-1.057800015324648513e+01
-1.459119232891376328e+01
-1.427134816944239226e+01
-1.178305084168886196e+01
-1.234103819655231149e+01
-1.171985059400730655e+01
-1.309680538370865044e+01
-1.124973575378280977e+01
-1.226705032734590262e+01
-1.124066378883435391e+01
-1.032039222384384125e+01
-1.144255022139252453e+01
-1.158616953891099932e+01
-8.904710840931379323e+00
-1.019158389959006250e+01
-1.035939406661730899e+01
-1.217814453055338575e+01
-6.026338280844280249e+00
-6.351742356358764496e+00
-7.945056716293120935e+00
-7.888236406940736245e+00
-5.612949399478628365e+00
-6.022805791595627234e+00
-4.979509658297678776e+00
-2.135060177153947691e+00
-1.334093260783833168e+00
-2.936772565671842639e+00
-3.107484744006579369e+00
-6.339117198175552303e-01
-8.156430187861775094e-01
-1.100910121084637261e+00
3.036929749933479972e+00
-1.091770584482673057e+00
-7.693755145318719180e-01
4.993690866955613927e+00
4.039129805904705606e+00
5.660691397533432756e+00
5.306300044145734418e+00
7.542155295579656915e+00
6.067287866718606537e+00
7.209544555415124734e+00
8.667694142843519245e+00
8.753506862956648149e+00
6.259534763396855439e+00
8.477750865576794581e+00
7.922082672409206161e+00
1.022357240406648593e+01
1.016089067589411776e+01
9.493637295469287807e+00
1.147581691358265488e+01
1.072715317502137999e+01
1.181599041737479538e+01
1.196009323325177576e+01
1.329503770597360734e+01
1.137125772949155866e+01
1.349243399181636427e+01
1.462680242433302524e+01
1.501505394765696089e+01
1.382920057888412835e+01
1.269622779309995408e+01
1.115907419308316406e+01
1.230968564253182329e+01
1.208386047737870861e+01
1.345454397507822364e+01
1.040449085561072273e+01
1.278908771814573164e+01
1.239493939403291023e+01
1.353608637679640836e+01
1.154615140867820600e+01
1.184462352611448921e+01
1.276566172283006217e+01
9.917776062297955164e+00
9.780949540647734253e+00
1.094443984618781052e+01
1.112341290818895523e+01
1.141975968200991254e+01
1.047483755993899734e+01
7.410881034166909131e+00
8.111214699486211543e+00
8.921718419706948566e+00
1.007785341531858414e+01
7.465212900512637972e+00
6.743463116407596658e+00
6.283577254618498031e+00
5.792143614841991806e+00
6.445634145205842991e+00
6.751776234374710306e+00
6.189770835505878921e+00
4.917858494624323562e+00
2.928764265654674404e+00
3.571835181325959674e+00
3.971617574105678727e+00
2.827096678962037757e+00
3.172223613265503062e+00
3.258455757399884245e+00
2.018857177241738743e+00
1.833404103867894763e+00
2.029001645416983024e+00
3.184945419841131553e+00
-6.340396978008198126e-01
2.547792861533750397e+00
-1.203688628920083215e-01
3.590756504203430621e-01
1.396723505833114221e+00
-2.584146792311481367e-02
2.416798003541763329e+00
1.470157296355372845e+00
-2.754918216812054066e+00
1.038091464853717394e+00
-5.579254853396398151e-01
1.262830603501632787e+00
-5.675053535329480647e-01
4.402430111960035641e-01
-3.081143954496123882e-01
-1.481700918294222236e+00
1.254823310499141087e+00
1.759297727606752959e+00
-1.376733285902989490e+00
-2.770916792854560828e-01
-6.124813215699577151e-01
1.250617087468004485e+00
-5.466783107746592263e-02
3.238762088533969852e+00
5.631163549294923021e-01
-9.105229547707502924e-01
-2.175131690842856957e-01
1.294301387141419513e+00
1.325486913775416831e+00
1.664407573255458406e+00
1.808281954901153288e+00
-2.898120484094791616e-01
-2.013049296999342541e+00
4.053355964143713352e-01
-1.310925159148103702e+00
-1.710218758065801481e+00
-3.077545157743585058e+00
-1.480089654174121527e+00
-1.884243484440856431e+00
-2.530563431454989853e+00
9.874542762284113095e-01
-3.300962390101260802e+00
-1.227305170368260034e+00
-7.293521307413390886e-01
-1.483626206658916757e-02
-1.241666383602663348e+00
-2.552329166291442242e+00
-3.031125690335539691e+00
-2.539839451564640527e+00
-4.012566484503344633e+00
-3.967741725472214043e+00
-4.243639321238645401e+00
-5.283743281584736273e+00
-4.914771155910512057e+00
-7.685409681165032758e+00
-4.712649127647859260e+00
-5.413568352601948241e+00
-7.327798868257056952e+00
-9.635955729312385643e+00
-8.542065127288156035e+00
-9.371401921479479924e+00
-8.756638874704348652e+00
-1.107313957962610829e+01
-9.497869646861396120e+00
-9.045144977183328550e+00
-9.207394624677252892e+00
-9.622888604086353936e+00
-1.169562795808031908e+01
-9.922196052263975830e+00
-1.121200399825132443e+01
-1.273962945417903470e+01
-1.219959361317426172e+01
-1.334761339031137695e+01
-1.209462548421980088e+01
-1.251309542205718728e+01
-1.378660092721860231e+01
-1.203708625510491714e+01
-1.224578227054370316e+01
-1.203638216871332212e+01
-1.372339337624810085e+01
-1.526181120777848577e+01
-1.357079417610533056e+01
-1.190848602347252339e+01
-1.156486144408161110e+01
-1.257148853567164792e+01
-1.362587789039263519e+01
-1.247202329289131661e+01
-1.273014973381417647e+01
-1.385375427104878199e+01
-1.092059030726787405e+01
-1.386644002652759156e+01
-1.251848676558494766e+01
-1.315459378348086794e+01
-1.081903856566002098e+01
-8.082095007464339176e+00
-1.145227258058320707e+01
-8.953933666765541588e+00
-9.787292349902369182e+00
-8.099887566547749884e+00
-6.715562778328036941e+00
-5.900311648772309958e+00
-4.471705467723545269e+00
-5.917496727306499338e+00
-6.118609177160895030e+00
-5.109061134481015287e+00
-2.618161163618160980e+00
-2.342288856851879153e+00
-1.700332796760981147e+00
-1.482382127896013646e-01
1.359681557688014797e+00
-2.569475311999604106e+00
1.542782567092803259e+00
2.435265613479717928e+00
3.662820120387150880e+00
2.484789342750697294e-01
3.195555628646935542e+00
5.338231727917325031e+00
6.880113640222440097e+00
9.937977749141566619e-01
7.016282416163130087e+00
5.006981084283501637e+00
9.441766456819042475e+00
1.047779867594693570e+01
7.876098820468729222e+00
6.676133039017031479e+00
9.703974236620327432e+00
8.157156632322678291e+00
9.645569629457579452e+00
1.204456772690228128e+01
1.113277598308064142e+01
1.101345801401880564e+01
1.130720351733794615e+01
1.088176997621004638e+01
1.383398245008337391e+01
1.104525719370084147e+01
1.316600613044190027e+01
1.101731174647888523e+01
9.735517671178271826e+00
1.302478903346332650e+01
1.328032660784200836e+01
1.315939160444815137e+01
1.239904703962154819e+01
1.317821687611653125e+01
1.375065254035653517e+01
1.332977850557232280e+01
1.199011036803991281e+01
1.277162041787405755e+01
1.137685857180195015e+01
1.335428810748343764e+01
1.226151360304334048e+01
1.133896419992212756e+01
1.143649772755513006e+01
1.130727145159150204e+01
9.810708651531365732e+00
9.287899299507024864e+00
1.022405278913684512e+01
1.014874618025623931e+01
8.778516117504977956e+00
8.797129982501362022e+00
6.647368720206040749e+00
7.934268059654710825e+00
8.863510394241400192e+00
6.631341298641562965e+00
4.625993274651628795e+00
6.103506600285745876e+00
7.974832465489251732e+00
6.872708743202275095e+00
7.781590512282910765e+00
4.746827756513439134e+00
3.587619503092969175e+00
4.094275438178577531e+00
5.354445839978576593e+00
5.507538488701918311e+00
3.728307345970209852e+00
1.108769549116699560e+00
3.068510848503205768e+00
3.124872157001210127e+00
3.753233350677112057e-01
3.580491192893104913e+00
6.345316380568457593e-01
-7.491958568358580983e-02
6.481152663951832427e-01
2.864792503629051801e+00
1.390387714517910211e+00
-3.599746668303185348e-01
-5.152597678207193610e-01
1.848272281992135335e+00
-5.897848115024855176e-01
-1.344760977096393084e-02
3.771429729329016656e-01
1.475279320206054345e+00
1.059655581937389290e-01
-2.013905261921295597e+00
-6.661275234015126001e-01
9.030276549374063877e-02
9.778384009402470156e-02
-4.602134729742257124e-01
5.662791653732972968e-02
1.349671123422139907e+00
-6.481226036164973170e-01
-1.201254189761892022e+00
8.843410069393506934e-01
-5.714027066000996191e-01
-4.723346754980739526e-01
-8.839888684448404810e-01
-1.753474043619232203e+00
1.790575570248106763e+00
1.361200049033066239e+00
3.835232650553097589e-01
2.530178241333358446e-01
2.148684075494428303e+00
-2.730432147303115897e+00
-1.591062049613537921e+00
4.508443702720513757e-01
-3.251372431632375548e+00
1.042648020759022742e-01
-1.208358793110991147e+00
-2.610645619346243507e+00
1.952566986942163574e+00
1.161538402174173257e+00
-1.884005157690838317e+00
-1.961511442816600503e+00
-2.374071977992845639e+00
-1.384039084708285072e+00
-1.120970740626023199e+00
-4.331096908236831133e+00
-5.569041918191067531e+00
-1.999902741180819676e+00
-1.913585638075072870e+00
-4.487152859840042751e+00
-2.665942981543622636e+00
-2.992951990965526221e+00
-5.461919395263170607e+00
-3.087540888070511080e+00
-2.460250087803223185e+00
-5.725040796001552579e+00
-8.445682732768164058e+00
-7.826684856593171702e+00
-5.113855220120621325e+00
-1.328806563542966401e+01
-8.093842706865361336e+00
-7.416926485784298251e+00
-6.649611142697089861e+00
-7.607927148457157784e+00
-8.836109387448114916e+00
-7.563498326260438276e+00
-1.252549101756786420e+01
-1.221326775207849735e+01
-9.841599107346775455e+00
-1.169211837625898553e+01
-1.013560537751658863e+01
-1.336849609277715700e+01
-1.237616178265088074e+01
-1.461641184418763117e+01
-1.191321397889036682e+01
-1.291318697611085042e+01
-1.502734152876351459e+01
-1.393073806496302502e+01
-1.398486245448031973e+01
-1.174136701261735816e+01
-1.445820164144586251e+01
-1.410118838170542332e+01
-1.376162880994881910e+01
-1.409448037371749507e+01
-1.119176051504520331e+01
-1.170308879658575840e+01
-1.392847603017895963e+01
-1.190797740715521691e+01
-1.085852344311766871e+01
-9.259187681214362087e+00
-9.548892217437797925e+00
-1.260529988134170587e+01
-1.129677932173469301e+01
-8.745806884632996159e+00
-1.008616597048738939e+01
-8.854433163683959052e+00
-1.208277677915583226e+01
-7.833689191381134620e+00
-5.723058682218479021e+00
-5.379153487429201519e+00
-3.611866886172907076e+00
-4.858147669210935327e+00
-3.336951135370330057e+00
-3.243427534900697129e+00
-4.227233423903778764e+00
-8.336585446480806461e-01
-3.628195291967917679e+00
-4.849340954281218252e-01
-5.348659082091357098e-01
3.386925596533170157e-01
-8.852859602664878147e-02
1.582789711276843203e+00
1.068546697362757314e+00
2.222834368224019919e+00
1.891697159046278331e+00
3.005864928812667092e+00
4.835612811485274776e+00
4.554911754039754790e+00
5.085501949171442604e+00
6.776517792290223774e+00
8.863473587365353623e+00
8.226588521467631310e+00
8.594395296342687729e+00
9.429524838106328133e+00
8.718676486309496099e+00
6.878283335446207403e+00
1.073315480825987045e+01
1.069544350562624402e+01
1.047029387616252727e+01
1.167172583977552058e+01
8.882284851577319174e+00
1.335618781040972003e+01
1.214691602243176938e+01
1.172196982016576428e+01
1.115941478203182413e+01
1.302652987297884124e+01
1.311883563687348442e+01
1.225945344587073116e+01
1.356784628472506604e+01
1.262243035912519495e+01
1.338752463744528676e+01
1.351402557222080603e+01
1.371009305096593778e+01
1.321006051469392339e+01
1.124735697021375458e+01
1.319470522888822117e+01
1.210866658294781928e+01
1.268201066921663234e+01
1.269025859763664954e+01
1.240967508645365136e+01
1.267148418655614783e+01
1.180414728246811151e+01
1.210005738556817256e+01
9.800914412570781664e+00
1.066901316216721618e+01
1.157567444147500169e+01
9.256325587454128367e+00
9.645201344769336771e+00
7.744751209235701594e+00
8.331516856477410471e+00
8.772118599733859767e+00
5.944626392158189887e+00
6.858884465026575228e+00
9.383591864310801611e+00
5.780399432362901102e+00
5.883291493836556363e+00
1.423158784246457031e+00
1.256414367036431834e+00
5.368521419858972799e+00
4.352382879830340556e+00
4.377911278304330800e+00
4.324660076314794210e+00
3.602776833089959663e+00
6.040643084065306923e+00
1.379908128726219152e+00
1.246034410102540013e+00
1.912580577361724821e+00
1.053940545693429431e+00
2.608710660739729015e+00
3.597201532184127082e+00
2.242735411416129310e+00
8.164602776406605367e-01
1.265558906910194681e+00
2.603499885057732888e-01
1.862501736414396314e+00
2.127593853513854327e+00
3.892222165877726736e-01
-8.836427561872430836e-01
3.120747133791750727e+00
-9.914663574982371941e-01
-1.859980664740186196e+00
-2.582586952391192625e-01
3.239242788272691520e-01
-1.254958136279567871e+00
-1.117305777846457460e+00
-8.522897185872992110e-02
7.617872116092964108e-01
-1.773740322508738254e+00
4.424872101744055097e-01
9.188902290879587265e-02
1.393155333867684087e+00
1.065022672579936547e+00
-2.247122845319323492e+00
3.576167863788022760e+00
-1.379194135286910816e+00
2.099203679959212643e+00
-1.095487765021862403e+00
-2.037791093729689251e+00
8.515994883720565123e-02
-4.138563983404514035e-01
-3.646518428494774922e-01
-1.379857123635404026e+00
6.418652889846232501e-02
1.220118614427363912e+00
8.831351412600529915e-01
-2.108187451973763338e+00
-2.145545193256324090e+00
1.709683630811789090e+00
-1.913065790476907502e+00
-2.308682535627888832e+00
-2.390065276641029968e+00
-4.789775641234801373e-01
-1.049688760634304385e+00
-4.387316183000659287e+00
-1.060722910635422123e+00
-4.328080114209734930e+00
-2.516254628611695132e+00
-3.913906719452518779e+00
-6.205120300658663268e+00
-5.026685858739111445e+00
-4.330379650619564202e+00
-3.566193037809038291e+00
-2.244741294726852132e+00
-6.901881499982908785e+00
-5.434558443901015501e+00
-7.922412123416801677e+00
-3.990843082384952556e+00
-6.291259126474821883e+00
-7.040959363795463943e+00
-1.015376886338658835e+01
-7.520503510412869019e+00
-7.638537338801073773e+00
-9.395272307867449157e+00
-1.084560360244960542e+01
-1.301308757248819781e+01
-9.206680448959779994e+00
-1.313557245846779509e+01
-1.356549718474636990e+01
-1.037437260478658629e+01
-1.079631020332392488e+01
-1.198413806597860365e+01
-1.200159326859030351e+01
-1.487552085925436707e+01
-1.273301690119607699e+01
-1.310954151939368373e+01
-1.357279711212738427e+01
-1.083819606319735840e+01
-1.310459266703028192e+01
-1.673510627648918003e+01
-1.374864561746891134e+01
-1.267564158912875349e+01
-1.411802795085733031e+01
-1.397250804942797053e+01
-1.290830287187542602e+01
-1.040916828030375996e+01
-1.188104817158285087e+01
-1.316486561122950150e+01
-1.100165679340140912e+01
-1.038301517492638126e+01
-1.334004301391943237e+01
-1.151404867885050187e+01
-1.024491027339154492e+01
-9.917665608029588853e+00
-7.093899928834812130e+00
-8.404500685947413174e+00
-6.528344985097392694e+00
-8.441034006763723951e+00
-5.921483909938244139e+00
-9.100069620962202066e+00
-8.639518694375206920e+00
-6.434098504659636397e+00
-5.390203936409648122e+00
-6.069015676119120961e+00
-4.171294294193533148e+00
-1.810017392943975345e+00
-1.949477238299965887e+00
-3.489513218266577788e+00
-1.903211250649545327e+00
-9.319719594992220690e-01
-3.018503890913798227e+00
8.734017672119611664e-01
1.875205155531733947e-02
4.481045191481403123e-02
6.678352243595724325e-01
2.794235087309029364e+00
3.229548509043573823e+00
3.552540794941063229e+00
4.601212601035629568e+00
5.127262844761256488e+00
6.644553671105629888e+00
6.845197078042430938e+00
7.002593310355903711e+00
6.625965707281175732e+00
6.242046905463694451e+00
1.408443032134287520e+01
9.198290805364605305e+00
9.297885011503197461e+00
9.316171760947611347e+00
8.151938962572758740e+00
8.503876811584243356e+00
1.249523315081525254e+01
1.023296939746860090e+01
1.211198701423473345e+01
1.402291514106015136e+01
1.358119116292850137e+01
1.176840082708247159e+01
1.305465704265646920e+01
1.424583462044203586e+01
1.344753793041055268e+01
1.295437467400053144e+01
1.138611270937748010e+01
1.253140584594045315e+01
1.376878537181970863e+01
1.412122637507034106e+01
1.401230429878444639e+01
1.301577246083841644e+01
1.083072837318788473e+01
1.411383396893735132e+01
1.188796093422505784e+01
1.075958932458005890e+01
1.138781285213995531e+01
9.424746496370264737e+00
1.177140926854042746e+01
9.510904028207237459e+00
1.050503425422900960e+01
1.157931685831196411e+01
