9.845081343805578200e+00
9.636352096835045344e+00
8.795632655648136122e+00
8.423960926398651239e+00
8.119722186183981449e+00
8.486928684087507335e+00
7.721928073130134074e+00
7.448974296626102998e+00
6.590121363556965761e+00
6.565991922442475648e+00
6.748722224638950884e+00
5.963249025607848530e+00
3.928180456161239231e+00
4.664327801374579252e+00
4.178540611165196594e+00
4.733058006756801106e+00
3.664887380244180815e+00
4.158483921807128780e+00
3.662879897581269972e+00
2.924950226190917046e+00
2.762304293005600542e+00
2.572011579762752298e+00
2.612276400735820125e+00
2.748798424784533623e+00
1.479403154480974480e+00
2.397792922366202006e+00
1.380102971005013224e+00
-2.659302686412303718e-01
3.143248479892909453e-01
1.573508867163340152e+00
1.407152855207209008e+00
5.156839985475953902e-01
-1.892030600210943270e-01
-5.242945921078523419e-01
-2.044497330048811734e-01
1.711426888554727022e+00
-2.333156066399798556e-01
2.645683364672171689e-02
-2.061399991515013852e-01
1.072830792996961380e+00
-1.361749571632051348e+00
1.037786786777734616e+00
6.183997286198981980e-02
-9.425132900481709708e-01
2.856496309784679055e-01
-2.644420771770241707e-01
-3.648889430615996909e-01
-3.080659666158671595e-01
-3.197717852832698271e-01
-2.984526781331444875e-02
6.223580987916856877e-01
-6.870017365573175550e-01
6.144171350435161383e-01
-6.482630772076248826e-01
2.880403635039186505e-01
1.241666222373048134e+00
4.389462049594796689e-01
-1.209882682450341473e+00
-8.546003620623929820e-01
-4.987730878699815351e-01
-9.025305997325605567e-01
-1.124640797092870237e+00
-2.446059654012717743e+00
-6.303312630704810404e-01
-1.017765387092540941e+00
-1.286270982323636902e+00
-2.034667084156731587e+00
-3.040214925841837612e+00
-2.818004886524288821e+00
-1.113738754097786998e+00
-3.057525971775801654e+00
-2.472724002947022992e+00
-4.506118849954638961e+00
-4.036167469284432485e+00
-4.035984355061251527e+00
-3.610013182664490117e+00
-5.783892197930808443e+00
-2.880092354899258744e+00
-5.682930852679978884e+00
-5.224919109700375763e+00
-5.188467486508303139e+00
-7.428227871500787671e+00
-6.573606099673789949e+00
-7.958438378421272219e+00
-7.362110607372781779e+00
-7.326493995593190256e+00
-9.592795978347666619e+00
-8.386870852310272184e+00
-9.352808006516969641e+00
-9.291229729732455311e+00
-1.083146504085346962e+01
-1.013248021872223781e+01
-1.145797328031273210e+01
-9.946119105740510946e+00
-1.042254284299764500e+01
-1.185865246155396413e+01
-1.417677327655258424e+01
-1.193573877069812461e+01
-1.399727969813485728e+01
-1.320649710023323919e+01
-1.215577390410201808e+01
-1.385962957879763202e+01
-1.400550202299769964e+01
-1.390518175271436085e+01
-1.351677626050516423e+01
-1.324165601618466326e+01
-1.329677946919001563e+01
-1.168040339379081516e+01
-1.439303974130191044e+01
-1.201485834619320769e+01
-1.300328178024395775e+01
-1.166268361617781046e+01
-1.437517758220952757e+01
-1.048145135988101018e+01
-1.346919541103626905e+01
-1.189158338002103577e+01
-1.061067587133495671e+01
-9.719600462579624178e+00
-9.488755280016517801e+00
-8.797427572193880607e+00
-8.888423472707740913e+00
-8.268584833447748750e+00
-9.384902468460214919e+00
-9.107058098405911295e+00
-7.660261247106772586e+00
-6.468976097881150800e+00
-5.975942243285324196e+00
-6.964564190892328810e+00
-6.103462581597656644e+00
-4.646330993387719488e+00
-4.873760950521986324e+00
-3.491380031960786390e+00
-1.310866599012493250e+00
-8.878469753354445437e-02
3.305937819555127000e-02
-8.735288155124980580e-01
5.622821103631685524e-01
1.339777401450164440e+00
1.599679512360405065e+00
2.629489503754092627e+00
3.231077213825320094e+00
4.378673902316728928e+00
4.713207018972862095e+00
6.029349417186705473e+00
5.259872862919307224e+00
6.187831015018653069e+00
7.792959110465781158e+00
7.207633457036622282e+00
7.703435191187139708e+00
8.688491565676191186e+00
9.425948934728152651e+00
8.657282004265752562e+00
1.244599434065001198e+01
1.135925593008981416e+01
1.278092396862032132e+01
1.129460475844266831e+01
1.168148800282553701e+01
1.273710951663387547e+01
1.211796288814056766e+01
1.187619247333158690e+01
1.263440798023786904e+01
1.208276074929070987e+01
1.248380839791751029e+01
1.313548434234773765e+01
1.391529728965999624e+01
1.348719701970189710e+01
1.372802809487085085e+01
1.306862038268802451e+01
1.184078807756405283e+01
1.349539384213962556e+01
1.331905885735634065e+01
1.223526806999749006e+01
1.273120512146825334e+01
1.351578727273433245e+01
1.219007313585163388e+01
1.364636341707979383e+01
1.173373321230827315e+01
1.036081901758065804e+01
1.194141338229876226e+01
9.777166853611497288e+00
9.294914039242872406e+00
8.831177623920863695e+00
7.977492164140051578e+00
1.003631896604649576e+01
7.389011580142233804e+00
1.023812303299773774e+01
9.166770483184869533e+00
7.885650097910625433e+00
7.511460244129165353e+00
5.610314704070276548e+00
5.559944476398219315e+00
6.209271941683025098e+00
6.559202315078202616e+00
5.788687418517973526e+00
5.928138534567745310e+00
3.926188027583453977e+00
3.743174049661852187e+00
3.278281380652005250e+00
3.064802417859447736e+00
3.150923364654576897e+00
2.797733003608127600e+00
4.042495564649754236e+00
-1.221019439878699764e+00
2.033200449560745859e+00
2.883765773823353307e+00
5.704606143530016604e-01
7.305917635478679228e-01
3.823243168923942559e+00
-2.152354884147396064e-01
1.050768279942397632e+00
2.412641858648206572e+00
4.805790566200005554e-01
1.656098091554910612e-01
2.953322557777803503e+00
1.936224524917726786e+00
8.566029953802777319e-01
1.450384173462191673e-01
6.555628507498648672e-01
1.713144997713140549e+00
5.212425947721360808e-01
6.202607912792224010e-01
1.108869657287373384e-01
-4.843731227619812452e-01
4.875117966785409429e-01
-1.221794719301390275e+00
-8.951090130419143698e-01
-3.069172031544415979e-01
5.485985831656072786e-01
-3.658301272797964687e-01
-5.630369506697451287e-01
2.658207540615729947e+00
-5.377150623875539548e-01
-9.577544501822595757e-01
-1.348682300852225069e+00
-1.427358356859473210e+00
4.884289389841968143e-01
1.666352569163487840e-01
-1.979973852332551854e+00
-1.704058300423992200e+00
-2.161088159799218200e-02
-1.365564571374724423e+00
-1.560889420608613687e+00
8.945280990845372315e-02
-2.629758747277315400e+00
-1.547152982052057535e+00
-5.380946846348120260e-01
-6.801764490389423656e-01
-1.435388984203988194e+00
-3.302621080018827371e+00
-4.244156487888256279e+00
-4.545267381291603570e+00
-3.897382506289128745e+00
-3.150309517076437693e+00
-3.537698319066004071e+00
-1.191848700814182038e+00
-4.171689508713160244e+00
-4.252687218209240783e+00
-3.580233438557329340e+00
-5.918104139881511294e+00
-6.652537380276700496e+00
-7.061726641222584533e+00
-6.771681119082017197e+00
-4.193393380218275013e+00
-6.273261635268772451e+00
-7.277051270820083850e+00
-8.529067696413283883e+00
-9.993710708846206714e+00
-1.009324145296002939e+01
-1.003061073961097804e+01
-1.083216684412083097e+01
-9.363618767388068420e+00
-9.644131399422096962e+00
-1.222057683829315167e+01
-1.058244996293045403e+01
-1.287904871906642867e+01
-1.276543111589558244e+01
-1.214072147688457726e+01
-1.377356524891241918e+01
-1.161086557953652054e+01
-1.180044639761951153e+01
-1.074570891251762816e+01
-1.304434543285393566e+01
-1.327748027044002477e+01
-1.200631162452269507e+01
-1.309457100166249433e+01
-1.276351116456711488e+01
-1.384971341381147880e+01
-1.107475425648497946e+01
-1.260790854006129891e+01
-1.274605444641282226e+01
-1.209180420062570427e+01
-1.270871768511277544e+01
-1.166829372438873769e+01
-1.147212480737958984e+01
-1.097059686756684549e+01
-1.344623845369605419e+01
-1.036099551525894746e+01
-8.699941779911823048e+00
-8.887071090419311759e+00
-1.068496308921348259e+01
-8.959014113569191196e+00
-8.032977807300024864e+00
-9.225855895087319070e+00
-7.637622002219620398e+00
-7.715736877850862818e+00
-6.899131750925975304e+00
-4.747378856008454662e+00
-5.884136512430790944e+00
-4.310865478998051614e+00
-4.906179049660229552e+00
-1.880600417419217685e+00
-7.070295532047154996e-01
-1.477095496487974113e+00
-5.871583018782976504e-01
3.491126839090894496e-01
5.058424212370403739e-01
1.836947657299447423e+00
1.325497861418609036e+00
1.259294530482953256e+00
4.295706601497127686e+00
4.414473595500671976e+00
4.522036462597593065e+00
5.944478192348873868e+00
5.906120437881251739e+00
7.684931191376893622e+00
8.192149480017810959e+00
6.727361427953254314e+00
7.995470271872488155e+00
8.305467533003396241e+00
9.965638422061317669e+00
9.697654583051768640e+00
1.069032334547925167e+01
9.574864873175991775e+00
1.240030046073398395e+01
9.953270312419363108e+00
1.267310608830156227e+01
1.222775468673840393e+01
1.297370029422612170e+01
1.192116572899463911e+01
1.236689697035379432e+01
1.221192748577173504e+01
1.225538113998023348e+01
1.167647950098599274e+01
1.340263827767510030e+01
1.189182000956886753e+01
1.283318925205465355e+01
1.281076243062446096e+01
1.184883857130059148e+01
1.399614917463753549e+01
1.405491532741637428e+01
1.045045210879524866e+01
1.150500076073048916e+01
1.311319922419961514e+01
1.188867941069264411e+01
1.213164660093527125e+01
1.048679642267325285e+01
1.121904210187102180e+01
9.834061118722626560e+00
1.088820523325208178e+01
1.059662571306593470e+01
8.175390699431686059e+00
1.053910736336217902e+01
9.930207003025323331e+00
9.863862465212326569e+00
9.656156592211074141e+00
7.154077655837100203e+00
7.491912451269752360e+00
8.464071316821637936e+00
6.662138304016318457e+00
6.745765405032321027e+00
5.024644734346543018e+00
5.888100405089875977e+00
5.587456232968375680e+00
4.219073565945827831e+00
4.814671390584321919e+00
3.737721541139549686e+00
3.945118116458834034e+00
3.799912486813435297e+00
2.372094692500606783e+00
2.888259512717352706e+00
2.211825937742589954e+00
1.101543837701010053e+00
9.319515644882334637e-01
1.697559754633613860e+00
1.392922637645917616e+00
1.281623803304749787e+00
2.663418979711139611e-01
-4.731368281319985325e-01
-1.122041840650025435e-01
1.575183297733114163e+00
8.505432922918283456e-01
-4.097592433280510260e-01
6.636378917707703717e-01
9.982292928103529972e-01
6.683924194705210819e-01
-3.338009831528423454e-01
3.852961309315024452e-01
6.468022705594715926e-01
1.055960576303058701e-01
-2.294163742292246733e-01
2.911220500337282635e-01
5.873437744924295822e-01
8.642783016224790948e-01
6.293183787719529576e-01
-1.258512247762812120e+00
1.007443607580927214e+00
-2.039332326850325228e-01
-2.636866011724338654e-01
-2.563650794156142609e-01
6.129388075595746388e-01
-7.011530676221252589e-01
5.334100771438216038e-01
-3.748872974952463522e-01
-4.785780960165442188e-01
-5.450112818680095117e-01
7.280251948635445558e-01
2.054013628010549208e-01
-7.050581246587191986e-01
-9.698585705371586263e-01
-1.135080903843903588e+00
-3.490879424089586291e-01
-7.433243387358990928e-01
-3.003710341225515057e-01
-8.278427402644402688e-01
-1.568404486123215147e+00
-1.297006291890781871e+00
-1.396432777756233978e+00
-1.449497300385969911e+00
-1.506918416622528900e+00
-2.097552102410163322e+00
-2.933212163086879265e+00
-2.959925047540353571e+00
-3.738392216347376174e+00
-3.674701141349666855e+00
-3.801330167224882040e+00
-4.495404401560265661e+00
-4.290977388458899533e+00
-5.102744373635474950e+00
-5.394943655954431705e+00
-6.470287993150390271e+00
-6.317929308650795051e+00
-6.662903852330029686e+00
-6.824110717933241865e+00
-7.223026120947261930e+00
-7.766330711282687815e+00
-8.556503909547840792e+00
-9.346577175385011316e+00
-8.541685766391127643e+00
-9.621141685213592254e+00
-9.351893139965643087e+00
-9.917690338539836503e+00
-1.026565844505560499e+01
-1.052302466685405591e+01
-1.163975526223378232e+01
-1.117190055923673242e+01
-1.163075426547879054e+01
-1.160308511802971410e+01
-1.230119782942709605e+01
-1.220000269207640997e+01
-1.265457948244138464e+01
-1.279851421807094702e+01
-1.290243033649924698e+01
-1.275730311848364806e+01
-1.273635098867113769e+01
-1.298612812818698359e+01
-1.298932174253144822e+01
-1.296509047805147574e+01
-1.290846619162175557e+01
-1.281901967110627361e+01
-1.269644503133012137e+01
-1.254056211117143249e+01
-1.235131830118646690e+01
-1.212878979169658678e+01
-1.187318223404041007e+01
-1.158483081050632180e+01
-1.126419971129549502e+01
-1.091188101971046720e+01
-1.052859300960489364e+01
-1.011517786195270929e+01
-9.672598810185874640e+00
-9.201936726695866042e+00
-8.704386165580254797e+00
-8.181250879332708337e+00
-7.633938829704371543e+00
-7.063956715399869246e+00
-6.472904041596796887e+00
-5.862466758483992457e+00
-5.234410498088827524e+00
-4.590573440599770905e+00
-3.932858843174448005e+00
-3.263227265850248138e+00
-2.583688530633973635e+00
-1.896293451132991859e+00
-1.203125371196287929e+00
-5.062915519544588516e-01
1.920855526215428655e-01
8.898770909856639211e-01
1.584956639107323983e+00
2.275209014244845118e+00
2.958539036313863058e+00
3.632880196015245922e+00
4.296203189337308714e+00
4.946524278689812704e+00
5.581913441764863926e+00
6.200502270241091907e+00
6.800491581654580564e+00
7.380158709141397821e+00
7.937864435309607281e+00
8.472059538212169727e+00
8.981290919261734729e+00
9.464207284941306142e+00
9.919564356313557596e+00
1.034622958260507986e+01
1.074318633752872643e+01
1.110953757949645748e+01
1.144450895945407964e+01
1.174745136272569468e+01
1.201784287397676820e+01
1.225529015717683023e+01
1.245952924525293426e+01
1.263042573695945592e+01
1.276797440133386985e+01
1.287229819294999089e+01
1.294364668400365659e+01
1.298239392205904252e+01
1.298903572503228077e+01
1.296418642767982377e+01
1.290857509647857704e+01
1.282304123232127324e+01
1.270852998289062796e+01
1.256608688890844761e+01
1.239685219066934962e+01
1.220205472335245211e+01
1.198300543154828546e+01
1.174109053523277524e+01
1.147776438105683816e+01
1.119454201429097395e+01
1.089299150806203720e+01
1.057472608763825761e+01
1.024139608845259630e+01
9.894680787299462210e+00
9.536280146692780235e+00
9.167906512730180424e+00
8.791276306968795140e+00
8.408101752780897442e+00
8.020082676423159640e+00
7.628898422622742537e+00
7.236199923859164329e+00
6.843601961704937509e+00
6.452675657587250591e+00
6.064941229148002932e+00
5.681861047020557720e+00
5.304833025312592376e+00
4.935184377393914801e+00
4.574165766744307859e+00
4.222945880628350857e+00
3.882606452241600614e+00
3.554137754725792853e+00
3.238434588091131161e+00
2.936292777622234951e+00
2.648406199794292704e+00
2.375364349097945471e+00
2.117650456480351551e+00
1.875640167367455646e+00
1.649600784452945668e+00
1.439691077635922412e+00
1.245961660675969362e+00
1.068355931324656893e+00
9.067115689003371060e-01
7.607625805123685581e-01
6.301418844242228090e-01
5.143844163873962927e-01
4.129307421902277397e-01
3.251311571625334906e-01
2.502502509693207422e-01
1.874719137269660330e-01
1.359047572943228310e-01
9.458792354002776293e-02
6.249724947560153510e-02
3.855175738150307119e-02
2.162043644830902167e-02
1.052928101583927578e-02
4.068549226214690506e-03
1.000204818717098654e-03
6.550389030485215258e-05
-7.312269902221002482e-06
-4.952576874075464985e-04
-2.672815294622599147e-03
-7.804163485716886228e-03
-1.713545544712791191e-02
-3.188719081634316943e-02
-5.324671876587494523e-02
-8.236091096066466832e-02
-1.203290419986173809e-01
-1.681959139197535258e-01
-2.269452601645278733e-01
-2.974934629820698007e-01
-3.806836167413600869e-01
-4.772799678899426468e-01
-5.879627604443991018e-01
-7.133235138933251562e-01
-8.538607582567996346e-01
-1.009976248786913722e+00
-1.181971680422690518e+00
-1.370045919641428966e+00
-1.574292768789164576e+00
-1.794699275338160760e+00
-2.031144595821857024e+00
-2.283399421450966749e+00
-2.551125969631621970e+00
-2.833878542801348210e+00
-3.131104653185237119e+00
-3.442146709265813342e+00
-3.766244256971032378e+00
-4.102536765827610843e+00
-4.450066947616560853e+00
-4.807784592415824676e+00
-5.174550904336831181e+00
-5.549143316767050749e+00
-5.930260764534788009e+00
-6.316529388124461519e+00
-6.706508642903608930e+00
-7.098697784286441603e+00
-7.491542697863421196e+00
-7.883443041781169391e+00
-8.272759667070729961e+00
-8.657822280202537968e+00
-9.036937310900457376e+00
-9.408395947181070085e+00
-9.770482298703150548e+00
-1.012148164882105661e+01
-1.045968875523631958e+01
-1.078341615883917903e+01
-1.109100246022502034e+01
-1.138082052346217310e+01
-1.165128556697605688e+01
-1.190086310189880692e+01
-1.212807667891228292e+01
-1.233151540547969205e+01
-1.250984119641678483e+01
-1.266179572198880621e+01
-1.278620701913068736e+01
-1.288199573296736666e+01
-1.294818095755143972e+01
-1.298388564662806388e+01
-1.298834156727277644e+01
-1.296089377141734644e+01
-1.290100456257074768e+01
-1.280825693744631977e+01
-1.268235748471010993e+01
-1.252313872565744290e+01
-1.233056088429197317e+01
-1.210471307701136112e+01
-1.184581391488267421e+01
-1.155421151430524418e+01
-1.123038291469555006e+01
-1.087493290467352480e+01
-1.048859226106926279e+01
-1.007221540788927960e+01
-9.626777505167808613e+00
-9.153370980370375776e+00
-8.653201517696038181e+00
-8.127583523233138152e+00
-7.577935086445073409e+00
-7.005772460886769082e+00
-6.412704089366984661e+00
-5.800424200965153432e+00
-5.170706009373404299e+00
-4.525394543955012949e+00
-3.866399146679383225e+00
-3.195685669704636300e+00
-2.515268409820389905e+00
-1.827201817232165570e+00
-1.133572017256268882e+00
-4.364881843958730578e-01
2.619261910193897425e-01
9.595421029300800209e-01
1.654233855357895022e+00
2.343887872784859105e+00
3.026411454029532599e+00
3.699741428820433775e+00
4.361852676737639101e+00
5.010766468854825462e+00
5.644558593270614821e+00
6.261367226758494553e+00
6.859400515988921754e+00
7.436943833176210106e+00
7.992366672572089215e+00
8.524129155957961501e+00
9.030788117171409723e+00
9.511002737729967293e+00
9.963539707777066212e+00
1.038727788885985071e+01
1.078121245744687329e+01
1.114445851059193870e+01
1.147625411773791271e+01
1.177596280531778383e+01
1.204307546353687286e+01
1.227721166749695314e+01
1.247812040763579233e+01
1.264568022729188712e+01
1.277989876804877767e+01
1.288091172635355264e+01
1.294898122772554672e+01
1.298449362766061554e+01
1.298795675107933789e+01
1.295999658485207462e+01
1.290135344054553102e+01
1.281287760706278789e+01
1.269552451527862047e+01
1.255034943909320866e+01
1.237850175952824827e+01
1.218121882055967120e+01
1.195981940731056525e+01
1.171569687900703727e+01
1.145031199072025174e+01
1.116518543937167962e+01
1.086189017075880336e+01
1.054204348545911607e+01
1.020729898238557709e+01
9.859338379492641025e+00
9.499863251665182418e+00
9.130586726160148103e+00
8.753225176111655514e+00
8.369489952552967793e+00
7.981079195155142969e+00
7.589669761431617978e+00
7.196909313514575857e+00
6.804408600774728200e+00
6.413733975535768295e+00
6.026400177933249225e+00
5.643863424590517930e+00
5.267514834239408472e+00
4.898674221706773579e+00
4.538584289829507235e+00
4.188405246858597053e+00
3.849209874777629103e+00
3.521979071701482944e+00
3.207597889152657089e+00
2.906852082539872484e+00
2.620425190606031407e+00
2.348896156977827943e+00
2.092737504252080605e+00
1.852314068307467920e+00
1.627882297747539120e+00
1.419590120575976222e+00
1.227477377391397617e+00
1.051476817580521583e+00
8.914156521988800819e-01
7.470176544711621958e-01
6.179057961323835002e-01
5.036054051792282493e-01
4.035478280216393543e-01
3.170745765301994368e-01
2.434419380775421082e-01
1.818260243835569945e-01
1.313282328057283621e-01
9.098109167825763066e-02
5.975445940650114807e-02
3.656204527609951960e-02
2.026821834749958917e-02
9.695069384131782542e-03
3.629689513267697620e-03
8.316282486680037778e-04
4.049261877583920644e-05
-1.635155228105200642e-05
-6.160156678008954501e-04
-3.032301452093877359e-03
-8.527930994070231918e-03
-1.834683353670230055e-02
-3.370652852816657941e-02
-5.579064397535304920e-02
-8.574160847259726381e-02
-1.246535544212203916e-01
-1.735654689128867112e-01
-2.334546275271209836e-01
-3.052303448964304167e-01
-3.897280743282394155e-01
-4.877038870489665001e-01
-5.998293597603607807e-01
-7.266868971810218625e-01
-8.687655140963679301e-01
-1.026457099169672205e+00
-1.200053180384213825e+00
-1.389742209506771076e+00
-1.595607380394687524e+00
-1.817624993327303429e+00
-2.055663374839560298e+00
-2.309482359784483130e+00
-2.578733339565814298e+00
-2.862959877675367082e+00
-3.161598890856011757e+00
-3.473982391403976244e+00
-3.799339783337381427e+00
-4.136800702404943131e+00
-4.485398387203441750e+00
-4.844073566027931932e+00
-5.211678841507583648e+00
-5.586983552595443214e+00
-5.968679091094205802e+00
-6.355384647624086725e+00
-6.745653359784272496e+00
-7.137978833236745757e+00
-7.530802004560556817e+00
-7.922518312994910161e+00
-8.311485146619498110e+00
-8.696029527117964619e+00
-9.074455996041987049e+00
-9.445054664445642345e+00
-9.806109386897379210e+00
-1.015590602020444244e+01
-1.049274072670518088e+01
-1.081492828170126685e+01
-1.112081034451514405e+01
-1.140876365276905169e+01
-1.167720809979028296e+01
-1.192461465555119204e+01
-1.214951309224963083e+01
-1.235049947652286129e+01
-1.252624339136099074e+01
-1.267549485203960380e+01
-1.279709088181951415e+01
-1.288996171475748120e+01
-1.295313659472765089e+01
-1.298574914166090011e+01
-1.298704225805888868e+01
-1.295637255102179708e+01
-1.289321424733231858e+01
-1.279716258155316666e+01
-1.266793663960845784e+01
-1.250538164291958587e+01
-1.230947066084024577e+01
-1.208030574187062811e+01
-1.181811845691398766e+01
-1.152326985065625209e+01
-1.119624979998748771e+01
-1.083767578122920128e+01
-1.044829105076948395e+01
-1.002896224652532453e+01
-9.580676420434631524e+00
-9.104537514915250540e+00
-8.601762298902361437e+00
-8.073675781674918284e+00
-7.521706125194921100e+00
-6.947379078096593830e+00
-6.352311956765672285e+00
-5.738207201129753798e+00
-5.106845534828956978e+00
-4.460078761341897291e+00
-3.799822229395739548e+00
-3.128047002582825531e+00
-2.446771769531599361e+00
-1.758054532230090894e+00
-1.063984111169524738e+00
-3.666715068584378567e-01
3.317588420496794255e-01
1.029177863274087334e+00
1.723460677026419141e+00
2.412495402584909243e+00
3.094191904269978366e+00
3.766490436060082381e+00
4.427370144575493605e+00
5.074857390840231908e+00
5.707033852106096816e+00
6.322044366082740119e+00
6.918104481159179642e+00
7.493507677619138718e+00
8.046632226437703039e+00
8.575947653993043929e+00
9.080020782925245726e+00
9.557521321415123339e+00
1.000722697533208816e+01
1.042802805999439109e+01
1.081893159069612764e+01
1.117906483366199311e+01
1.150767830168669192e+01
1.180414818138637223e+01
1.206797818172164227e+01
1.229880079623270994e+01
1.249637797424314023e+01
1.266060119912612869e+01
1.279149097457224116e+01
1.288919572263639068e+01
1.295399010016072694e+01
1.298627274295524181e+01
1.298656344985604782e+01
1.291114546887762060e+01
1.296111220239295925e+01
1.249846952363355967e+01
1.274946472890438898e+01
1.259623908004950721e+01
1.221027625225800151e+01
1.194577876207690892e+01
1.179851958052731575e+01
1.176827089283920813e+01
1.106111770879667056e+01
1.106144936203643425e+01
1.092636994782252025e+01
1.031497370081192422e+01
1.030264791591077866e+01
1.030850845039858399e+01
9.082677049598238739e+00
8.959331307262470290e+00
8.237984235908118791e+00
8.413262023585339477e+00
7.529640792418804018e+00
6.852624707869673593e+00
7.684428269681831125e+00
6.959966108332543477e+00
6.910997674929963530e+00
5.897625898244298170e+00
5.916756123803393663e+00
5.148292325639970635e+00
6.009784641112346115e+00
4.414950030133495851e+00
3.809881195490637307e+00
3.446481845657804133e+00
4.031426423834520101e+00
2.814332169834033337e+00
2.700682254756217038e+00
1.924648783246540873e+00
1.769101991422433517e+00
2.154363542526200881e+00
1.695925031828367402e+00
2.075087235078997949e+00
4.698355572439751882e-01
1.827189987845242225e+00
1.201056413363076558e+00
6.272252038565673260e-02
2.964433841125000968e-01
8.886729293596722368e-01
1.741415830738592962e-01
-1.060832838132712119e+00
4.686034452375792414e-02
9.596072268633352165e-01
7.524990726688197684e-01
-1.121542503978451844e-01
-1.958612346919907932e-01
-3.385490572934060083e-01
-3.203589225939987295e-01
3.469353649885725255e-01
-8.030583770279113576e-02
-3.087520114043830755e-01
7.292897635927726441e-01
-6.002003609245427640e-01
-3.902905183530168687e-01
3.545258976755755742e-01
-2.430338812945339322e-01
-1.256599530523198061e-01
-2.680734721971447243e-01
9.888386101535402428e-01
6.745409177692334168e-01
-7.835030494911274790e-01
-8.748353474018091269e-01
2.145335316546779225e-01
-1.198640179582301180e+00
4.916029928480042388e-01
2.859949416739865358e-02
-1.316823367466791739e-01
-1.715664901545595589e+00
-7.900810368391909533e-01
-9.808662300027385372e-01
-8.246099090215912586e-01
-2.236238746144721290e+00
-1.978418762613711079e+00
-2.103137383094746848e+00
-1.708759412857024484e+00
-2.059209139211518824e+00
-2.358149124816584674e+00
-3.698252412163774316e+00
-2.484046567391701821e+00
-3.090024682968094183e+00
-5.579466274549522709e+00
-3.718284239341520525e+00
-4.085147282356575538e+00
-4.556313699545899709e+00
-5.445601150078426933e+00
-4.849200109820101190e+00
-4.669564741249078388e+00
-5.147406308961441468e+00
-6.134517354841255710e+00
-5.741363358534465000e+00
-7.867684167767373005e+00
-8.306808906199867337e+00
-9.563017544299073691e+00
-9.464230156383338866e+00
-9.000793429290169456e+00
-9.427857329676264442e+00
-7.389170863632720909e+00
-1.061080766590171720e+01
-8.111031434311769317e+00
-9.180761295956061829e+00
-1.105121067789353617e+01
-1.123798345711129087e+01
-1.043923157010940628e+01
-1.133139141614472933e+01
-1.187952675943766145e+01
-1.241929090482698506e+01
-1.298497234934317035e+01
-1.212906043925201338e+01
-1.222656615681021997e+01
-1.239138048763117617e+01
-1.333669352225574123e+01
-1.502345513208822503e+01
-1.328496682125353168e+01
-1.269460312917042444e+01
-1.291626920347380647e+01
-1.295224347019127542e+01
-1.322956687834486189e+01
-1.276837715835552167e+01
-1.159721252553095461e+01
-1.150083908520305975e+01
-1.113272401613838269e+01
-1.281618079179778391e+01
-1.076145709987261512e+01
-1.067790487056080906e+01
-1.063780293888278727e+01
-1.109251213730876984e+01
-8.606201219470317909e+00
-1.087178028546359343e+01
-8.038482502881564074e+00
-7.140430861106832339e+00
-7.676629432598919500e+00
-8.487322218303203769e+00
-6.448816763765443660e+00
-6.619586060987817433e+00
-6.176965285983811782e+00
-5.643203706847406131e+00
-3.403202070960222869e+00
-3.986282851456680820e+00
-3.900780841723006986e+00
-1.974253807630278468e+00
-2.121870234671649147e+00
-2.459259361175650138e+00
3.234727212623330628e-01
2.931774163949839807e+00
4.270313065833561961e-01
5.353260881519263936e-01
3.670147831254779280e+00
2.962153075107898381e+00
3.409012053757518590e+00
5.000137199691454093e+00
4.825315655321976926e+00
5.678938383636001674e+00
4.919846493808213594e+00
7.348681021497927901e+00
6.677408710459142860e+00
7.732288354394233565e+00
6.550190020542162372e+00
9.042336564701919599e+00
1.062080361855982424e+01
1.213023295216066444e+01
8.547613348848688730e+00
9.710987307929050516e+00
1.101324926301781204e+01
1.039687828744548526e+01
1.252927059137221732e+01
1.028218075212038052e+01
1.300078817688964605e+01
1.169813353355586827e+01
1.135823267084882993e+01
1.364934100794689442e+01
1.216363285119697402e+01
1.376137421520133586e+01
1.306922086719363918e+01
1.184437619399405683e+01
1.187221106933592907e+01
1.343816130993140590e+01
1.131497412894675314e+01
1.123535900395835441e+01
1.119225576060571115e+01
1.185307682611604640e+01
1.362748564357121062e+01
1.246629034429223992e+01
1.044394730064591137e+01
1.109985001023543560e+01
1.074886093770658491e+01
1.018631804558143905e+01
1.017167686784859271e+01
9.632889374928138793e+00
1.082421018736708263e+01
9.072476151680103129e+00
7.493173782246737247e+00
9.731896626256782312e+00
8.706479303014818427e+00
9.398258280591448965e+00
9.433103812007532341e+00
7.367351376709822652e+00
6.460320377078089038e+00
6.490167641652627495e+00
7.490652354646217148e+00
5.571231999065219043e+00
6.809430250249727479e+00
4.971069507328754966e+00
4.612069217500803120e+00
2.490663091644342408e+00
4.913179029065156911e+00
2.217691193967980201e+00
2.766891863193833068e+00
2.697899670448801412e+00
2.019189560095463243e+00
2.598796296085740032e+00
1.328685256035802009e+00
1.901666703945262604e+00
1.373537512003105032e+00
1.171660843932345486e+00
1.193315267744177399e+00
5.438194241103364579e-01
1.167369476550438101e+00
2.069809038773965382e-01
-1.241658657869592286e+00
-6.512967710140269428e-01
-5.282246618289970774e-02
4.133365020268071621e-01
6.079383337994050951e-01
-2.992296365191021712e-01
-8.846527838229256702e-01
3.403681436607904898e-01
-8.059950737468005721e-01
-8.680117912870136676e-01
-2.364847012914890190e-01
1.500919799075997041e+00
-1.278337629618888638e+00
4.664065365528831109e-01
-3.443327326479946882e-01
-4.141450011447367352e-01
8.018176038186346499e-01
-1.737940158359726206e-01
-9.006667650724039520e-01
2.624771020845539482e+00
7.157033840365321087e-01
-2.784288300348706890e+00
6.378769871550367121e-01
5.677976346507822569e-01
-1.567660995169603277e-01
1.273833163295474247e+00
-5.066343837836849717e-01
-5.612557713433327100e-01
-4.415922672335285681e-01
-1.241435448005050457e+00
-1.267417922524715079e-01
-9.953127458326069821e-01
-1.492462431873311957e+00
-6.801975331352259069e-01
-3.869191685339758990e-01
-1.638952465994888197e+00
-9.403904426682594409e-01
-8.257033962712949648e-01
-2.114265526797606043e+00
-3.937591165268794935e+00
-3.835033062910461865e+00
-2.116979361079438515e+00
-3.621717030133176252e+00
-4.093591247338844497e+00
-4.569196341217550916e+00
-3.880832519933373081e+00
-6.516609036299327862e+00
-4.918027337802198140e+00
-5.017632477542868230e+00
-5.860359385586886738e+00
-5.579294975242806487e+00
-6.705637434857282919e+00
-7.520207244161145610e+00
-8.454121124633221740e+00
-8.864982869674365773e+00
-8.650616341650927410e+00
-9.797626913526315207e+00
-1.011059711211782997e+01
-1.038067716137543783e+01
-8.695019278555664144e+00
-1.040125863172842458e+01
-1.002528560030300042e+01
-1.203866676688818060e+01
-1.084275884777401977e+01
-1.118327283802756256e+01
-1.238506178433688198e+01
-1.285666781137574155e+01
-1.032451397112661162e+01
-1.178292763583554503e+01
-1.268792939563837940e+01
-1.456521763412750303e+01
-1.184028609264131937e+01
-1.292477317463170294e+01
-1.204397924998145086e+01
-1.476131666858070446e+01
-1.091135236522722529e+01
-1.373024124267309887e+01
-1.400384935654939866e+01
-1.348624127803141093e+01
-1.291282031858902712e+01
-1.275899340695930739e+01
-1.223099377571849899e+01
-1.277392153849071832e+01
-1.266061110818883328e+01
-1.060476474750614528e+01
-9.628346287968339468e+00
-1.126678519605083295e+01
-9.983311702241699948e+00
-1.069059564372497739e+01
-9.680103461024529565e+00
-8.758303770348707218e+00
-7.736173882654999723e+00
-8.991189456547822090e+00
-6.221676006420528537e+00
-6.240588208300100526e+00
-7.280422087533635178e+00
-4.359527159471440427e+00
-4.749054643684368138e+00
-4.075286836239270016e+00
-5.761335082524691842e+00
-1.920016654356088592e+00
-1.937759896355159439e+00
-8.726092941264430580e-01
-4.880246100634226258e-01
5.068311850310756039e-01
1.336821090842024162e+00
1.085286035097230206e+00
1.011105290592822836e+00
2.737820060365977248e+00
3.870174516802140197e+00
1.721438614884248430e+00
4.140753200121276123e+00
5.912898379741466925e+00
6.013426455781220703e+00
6.498604022181793560e+00
6.464168757266993914e+00
6.369301782326034278e+00
7.164965454249754728e+00
7.708445010039681300e+00
8.253353063496883024e+00
1.162705081226559578e+01
8.790921701570182378e+00
1.037536884142339133e+01
1.220915574021620564e+01
1.227187907699261515e+01
1.127297430720161309e+01
1.202147993761821709e+01
1.215516334501127638e+01
1.250163525647896456e+01
1.303603674901605203e+01
1.213070267568276073e+01
1.132619606318505312e+01
1.212332059982838572e+01
1.392722443290774414e+01
1.307685259929429300e+01
1.343317531205289406e+01
1.412598652504079411e+01
1.328654248219680412e+01
1.233797094383952775e+01
1.258906395105390885e+01
1.427250064471147262e+01
1.381182593606727060e+01
1.023134136451862730e+01
1.169803619034234821e+01
1.223663508461104676e+01
1.124724858566826668e+01
1.112721825429578004e+01
9.738375420640853264e+00
8.707053280566199760e+00
1.089005708369135306e+01
9.370878044769154869e+00
9.716771164011051454e+00
8.685005206482973250e+00
8.431551555116460150e+00
8.248479949662717914e+00
5.858346385302992232e+00
6.630917378917823513e+00
7.672191210679202733e+00
7.872936519308028736e+00
7.041863908163101371e+00
6.492638762341544023e+00
6.738959987475922730e+00
4.593516120579769435e+00
5.123201032569576263e+00
5.199798927783637836e+00
4.275027030517504656e+00
4.825367515153780928e+00
3.035699251700672008e+00
3.232740938636180950e+00
2.641703388861938340e+00
2.470354307153829421e+00
2.128834428209056107e+00
1.783959902030167077e+00
1.497477277782498062e+00
7.238034645854684035e-01
1.983292662939530437e+00
1.574715384682318753e+00
9.125755902610843684e-01
-9.828903455568649417e-02
7.953013501678236619e-01
1.110252924629413940e+00
1.409418127061891290e+00
1.295360027489102395e+00
-3.389558901192556428e-01
6.245960301299924300e-03
-5.688631014969236510e-02
-4.207362982267519591e-01
-4.843011257654515900e-01
-2.884993103621238952e-02
8.554632058787963178e-01
-2.152527869971467001e-01
3.818160275004494064e-01
-1.249903939803087116e+00
-9.949840145446972040e-01
-2.105896794636526181e-03
-6.556520571638151385e-01
5.964558834340443205e-01
1.822158628802788283e-01
5.760956201315937664e-01
3.356065537946425481e-01
1.400748399311891323e-01
6.143433712499365429e-01
-6.867274063198548495e-01
-1.244640402836388215e+00
-6.693008506367440491e-01
-7.444071885079006634e-01
2.279238486545325237e-01
-1.240170676518268511e+00
-9.346971235918097864e-01
-6.374611704159066639e-01
-4.643873202775686271e-01
-2.098635430656423217e+00
-4.703923220986673259e-01
-3.921006762032271942e-01
-1.820903868625382893e+00
-9.771138773876296701e-01
-1.097385551702308559e+00
-2.543358871292056733e+00
-2.616357510439279555e+00
-2.696655274185288498e+00
-3.368277168790345222e+00
-2.831085912422472983e+00
-3.108007879938582629e+00
-3.672734302488218194e+00
-4.778609460657737174e+00
-5.059600471405987676e+00
-5.182535118057382206e+00
-5.613136384712685611e+00
-5.655869342319904902e+00
-5.917676860467175892e+00
-6.565531300709106510e+00
-6.922128583376238709e+00
-6.899416542520323326e+00
-7.132266707021114982e+00
-8.366328387491002161e+00
-8.122303132745541276e+00
-8.949132782364239702e+00
-9.200105728037645036e+00
-8.968885444388325467e+00
-9.774041580287088138e+00
-1.064006373654574311e+01
-1.052792237317201796e+01
-1.109717663242249053e+01
-1.143823446104200059e+01
-1.105351743523682195e+01
-1.166669424864045368e+01
-1.206144020180581755e+01
-1.213995300017163714e+01
-1.245228463197331514e+01
-1.241853494917234180e+01
-1.250282263346853107e+01
-1.276718043185286078e+01
-1.281514794977264593e+01
-1.287105788939582673e+01
-1.298945712682096421e+01
-1.298122367184318193e+01
-1.294085714688326405e+01
-1.286786774976697245e+01
-1.276188759707900289e+01
-1.262267340135787208e+01
-1.245010858488506678e+01
-1.224420481862744836e+01
-1.200510297764401102e+01
-1.173307350706197738e+01
-1.142851619555294107e+01
-1.109195935608170913e+01
-1.072405841654376246e+01
-1.032559392574236590e+01
-9.897468982962781325e+00
-9.440706102173304970e+00
-8.956443524598432404e+00
-8.445930996065087015e+00
-7.910525028094718358e+00
-7.351683664201488000e+00
-6.770960775235174367e+00
-6.169999909878103317e+00
-5.550527728544613737e+00
-4.914347050939927186e+00
-4.263329549396569718e+00
-3.599408121810881322e+00
-2.924568979549576397e+00
-2.240843487065897754e+00
-1.550299791165777652e+00
-8.550342788740026290e-01
-1.571629036810134328e-01
5.411875794190302846e-01
1.237888429244063504e+00
1.930817743000733389e+00
2.617869248979637575e+00
3.296961026384662485e+00
3.966044111660696814e+00
4.623110951231186760e+00
5.266203661299780237e+00
5.893422056296607536e+00
6.502931408668130686e+00
7.092969904003203929e+00
7.661855756953995567e+00
8.207993955049181167e+00
8.729882599284739086e+00
9.226118812324106244e+00
9.695404187218137793e+00
1.013654975177088069e+01
1.054848042600676905e+01
1.093023895263463707e+01
1.128098928294106784e+01
1.160001940316248614e+01
1.188674358907836748e+01
1.214070407931383500e+01
1.236157216063486430e+01
1.254914866134129525e+01
1.270336385170573656e+01
1.282427675324949057e+01
1.291207386148228053e+01
1.296706728954163701e+01
1.298969234294120589e+01
1.298050453835769602e+01
1.294017608204364223e+01
1.286949182603233233e+01
1.276934472279119426e+01
1.264073080136759764e+01
1.248474369034573961e+01
1.230256871508269967e+01
1.209547659870743885e+01
1.186481679823602420e+01
1.161201050887412478e+01
1.133854337113125155e+01
1.104595791675778216e+01
1.073584579072340617e+01
1.040983978748416838e+01
1.006960574062395786e+01
9.716834305606425914e+00
9.353232675828541787e+00
8.980516272424843294e+00
8.600400448334935888e+00
8.214592247008761561e+00
7.824782255793719443e+00
7.432636593517442769e+00
7.039789071062267922e+00
6.647833562815713471e+00
6.258316625790296683e+00
5.872730401931027799e+00
5.492505837686261216e+00
5.119006253304823950e+00
4.753521292555308975e+00
4.397261281646450470e+00
4.051352024069414526e+00
3.716830055899036367e+00
3.394638383784101876e+00
3.085622725447117354e+00
2.790528270004393185e+00
2.509996972828814954e+00
2.244565397014524066e+00
1.994663110786186522e+00
1.760611647431030491e+00
1.542624031540342777e+00
1.340804872535526826e+00
1.155151023641534103e+00
9.855528016677386205e-01
8.317957601775116672e-01
6.935630058884507676e-01
5.704380454553312774e-01
4.619081471647348280e-01
3.673681995217048524e-01
2.861250462539253192e-01
2.174022749015858125e-01
1.603454339208951751e-01
1.140276511109608037e-01
7.745562419153273481e-02
4.957595252082969139e-02
2.928177725776892615e-02
1.541969575009005666e-02
6.796914575696311189e-03
2.188604486510703495e-03
3.454195073603893995e-04
1.141632199407049963e-06
-1.195880599951237855e-04
-1.293491473814745163e-03
-4.790868585739849195e-03
-1.186784542186591906e-02
-2.375869463239910218e-02
-4.166826801197798247e-02
-6.676457976232619274e-02
-1.001715785497365729e-01
-1.429621454778482459e-01
-1.961513539810533224e-01
-2.606900263505322890e-01
-3.374586201404854435e-01
-4.272614760727524441e-01
-5.308214572729283987e-01
-6.487750077374609958e-01
-7.816676558604198632e-01
-9.299499866485723132e-01
-1.093974103937209286e+00
-1.273990601496122643e+00
-1.470146059398106608e+00
-1.682481079424368531e+00
-1.910928870612458752e+00
-2.155314393329740064e+00
-2.415354067487663237e+00
-2.690656047717879140e+00
-2.980721065518618929e+00
-3.284943835568664205e+00
-3.602615020603748164e+00
-3.932923746477224647e+00
-4.274960656289430894e+00
-4.627721489789245801e+00
-4.990111171633502707e+00
-5.360948389551932536e+00
-5.738970641019804475e+00
-6.122839724695010588e+00
-6.511147650649819596e+00
-6.902422941322135408e+00
-7.295137293146368940e+00
-7.687712567000297703e+00
-8.078528073939947873e+00
-8.465928121188094124e+00
-8.848229782010974986e+00
-9.223730851958320542e+00
-9.590717952970145177e+00
-9.947474746064441931e+00
-1.029229021272650080e+01
-1.062346696471794516e+01
-1.093932954181874884e+01
-1.123823265700914220e+01
-1.151856934878651373e+01
-1.177877900070100736e+01
-1.201735518877331543e+01
-1.223285331823359101e+01
-1.242389801198082111e+01
-1.258919021430961749e+01
-1.272751397477409618e+01
-1.283774287855603902e+01
-1.291884609136433681e+01
-1.296989398871105692e+01
-1.299006334137452612e+01
-1.297864203096376023e+01
-1.293503327173073103e+01
-1.285875931712627107e+01
-1.274946463205083802e+01
-1.260691851430106070e+01
-1.243101715134386964e+01
-1.222178510125077722e+01
-1.197937618938014381e+01
-1.170407381519481405e+01
-1.139629066642869404e+01
-1.105656784065985399e+01
-1.068557337719024147e+01
-1.028410020496447430e+01
-9.853063515065674238e+00
-9.393497569090026644e+00
-8.906551957417395471e+00
-8.393487324034975217e+00
-7.855670577145529521e+00
-7.294569607257983535e+00
-6.711747536835259709e+00
-6.108856527825528460e+00
-5.487631175534161798e+00
-4.849881519286242337e+00
-4.197485702173288757e+00
-3.532382313872103552e+00
-2.856562452046826905e+00
-2.172061539205656810e+00
-1.480950933058054364e+00
-7.853293694179648288e-01
-8.731427750136130927e-02
6.109669919139815164e-01
1.307385984582984273e+00
1.999821966031031240e+00
2.686170708803740759e+00
3.364353202766508844e+00
4.032324247866525546e+00
4.688080889334083068e+00
5.329670656059584566e+00
5.955199563833716070e+00
6.562839846267837451e+00
7.150837377528185712e+00
7.717518752498460088e+00
8.261297991639960259e+00
8.780682839622595992e+00
9.274280628760525502e+00
9.740803680378434137e+00
1.017907421946269864e+01
1.058802878029140082e+01
1.096672208318967989e+01
1.131433036509960033e+01
1.163015414928107560e+01
1.191362044215826899e+01
1.216428434807729531e+01
1.238183009553969427e+01
1.256607147130042179e+01
1.271695166156294832e+01
1.283454250234675875e+01
1.291904314393634579e+01
1.297077813712673944e+01
1.299019495174943906e+01
1.297786094067731533e+01
1.293445976515728901e+01
1.286078729989031189e+01
1.275774703875857696e+01
1.262634502447660800e+01
1.246768432770565482e+01
1.228295910330724183e+01
1.207344825341334094e+01
1.184050872884517958e+01
1.158556850211459555e+01
1.131011924677870795e+01
1.101570875928786641e+01
1.070393316065647937e+01
1.037642891629641895e+01
1.003486471317241069e+01
9.680933234069671656e+00
9.316342869199784715e+00
8.942809405608876716e+00
8.562047734896021112e+00
8.175763619591881692e+00
7.785645558197657579e+00
7.393356788334754626e+00
7.000527466718675207e+00
6.608747063740335825e+00
6.219557009328847030e+00
5.834443625477230277e+00
5.454831379353087151e+00
5.082076489286922794e+00
4.717460914149757656e+00
4.362186754697961355e+00
4.017371093394589643e+00
3.684041297018136873e+00
3.363130804052503642e+00
3.055475416431953306e+00
2.761810112696342578e+00
2.482766397015876869e+00
2.218870195875106255e+00
1.970540311484352713e+00
1.738087438218567371e+00
1.521713745589857503e+00
1.321513028447235172e+00
1.137471422285869949e+00
9.694686787460256028e-01
8.172799936076735605e-01
6.805783768511837195e-01
5.589375516700485491e-01
4.518353667069354707e-01
3.586577032433395651e-01
2.787028566274893926e-01
2.111863688798369942e-01
1.552462871862521077e-01
1.099488208842536174e-01
7.429436757927687651e-02
4.722387720466292294e-02
2.762552117000494079e-02
1.434163223619955296e-02
6.175879418708341007e-03
1.900641060396335291e-03
2.645382369811377643e-04
8.986677663136433125e-08
-1.685497043197869971e-04
-1.517810278696019033e-03
-5.316922391287448590e-03
-1.282017076452968141e-02
-2.525922431432836568e-02
-4.383558200956283457e-02
-6.971317331577209231e-02
-1.040111511907340081e-01
-1.477969146490210051e-01
-2.020793967794833890e-01
-2.678026527887702457e-01
-3.458397811628510787e-01
-4.369872093930631252e-01
-5.419593739129702215e-01
-6.613838219444616584e-01
-7.957967608674092475e-01
-9.456390785149206835e-01
-1.111252855469066603e+00
-1.292878387998476875e+00
-1.490651737754361328e+00
-1.704602821734889417e+00
-1.934654053353805025e+00
-2.180619542721239590e+00
-2.442204861473528332e+00
-2.719007374692413492e+00
-3.010517139640660034e+00
-3.316118368230525526e+00
-3.635091447341094906e+00
-3.966615508330750828e+00
-4.309771534358294076e+00
-4.663545991451636397e+00
-5.026834966651411385e+00
-5.398448794029434339e+00
-5.777117146943792747e+00
-6.161494572559774063e+00
-6.550166442450523263e+00
-6.941655290999266370e+00
-7.334427511374405739e+00
-7.726900377040038848e+00
-8.117449355116118426e+00
-8.504415676412719449e+00
-8.886114125649219986e+00
-9.260841014227811030e+00
-9.626882296977600006e+00
-9.982521793515171993e+00
-1.032604947429349274e+01
-1.065576977102781520e+01
-1.097000987100229707e+01
-1.126712795477428486e+01
-1.154552133700122063e+01
-1.180363447052335246e+01
-1.203996677443447005e+01
-1.225308024766740544e+01
-1.244160683060006178e+01
-1.260425547835342108e+01
-1.273981891079317919e+01
-1.284718000576105013e+01
-1.292531780373750472e+01
-1.297331309397143073e+01
-1.299035355409133530e+01
-1.297573841733009914e+01
-1.292888264373954677e+01
-1.284932057413169559e+01
-1.273670904794870751e+01
-1.259082996882223782e+01
-1.241159230422100990e+01
-1.219903350829257249e+01
-1.195332035976518270e+01
-1.167474920957890916e+01
-1.136374563574330843e+01
-1.102086350576384888e+01
-1.064678344982086955e+01
-1.024231075071610420e+01
-9.808372659402744276e+00
-9.346015147674181733e+00
-8.856399112297250298e+00
-8.340796047508057143e+00
-7.800583205351506066e+00
-7.237238265806244186e+00
-6.652333541000055916e+00
-6.047529740060349823e+00
-5.424569323263860987e+00
-4.785269476124638821e+00
-4.131514735892315215e+00
-3.465249304607481484e+00
-2.788469084369126882e+00
-2.103213471811473667e+00
-1.411556949943920891e+00
-7.156005164888661341e-01
-1.746298863593750278e-02
6.807277752686350381e-01
1.376843696182813659e+00
2.068765295857308839e+00
2.754390478229055361e+00
3.431643229785619198e+00
4.098482198361121043e+00
4.752909110407832927e+00
5.392976987566266978e+00
6.016798124326349750e+00
6.622551789720001025e+00
7.208491617319558564e+00
7.772952649314375684e+00
8.314358002108605206e+00
8.831225122702621277e+00
9.322171607095327772e+00
9.785920554050200337e+00
1.022130542980849555e+01
1.062727442168389302e+01
1.100289426093572231e+01
1.134735349786831904e+01
1.165996521474120939e+01
1.194016916477613677e+01
1.218753332830551983e+01
1.240175487990808634e+01
1.258266056320413284e+01
1.273020647282761431e+01
1.284447724593432127e+01
1.292568466843732011e+01
1.297416570396350544e+01
1.299037995628918907e+01
1.294765479036849065e+01
1.300824566437386309e+01
1.307634030611561471e+01
1.279896465740437428e+01
1.279690766349245123e+01
1.234146864147701983e+01
1.228424975460548296e+01
1.196977821954836507e+01
1.163652406057645194e+01
1.179352483579775779e+01
1.102931631567560444e+01
1.018131300971050734e+01
1.110643565509274566e+01
1.026760023876280137e+01
9.941489480545875779e+00
